   01  02  03  04  05  06  07  08  09  10  11  12  13  14  15  16  17  18  19  20  21  22  23  24  25  26  27  28  29  30  31  32  33  34  35  36  37  38  39  40  41  42  43  44  45  46  47  48  49  50  51  52  53  54  55  56  57  58  59  60  61  62  63  
01     015 015 015 015 015 015 015 015 015 015 015 015 015 015 015 015 015 015 015 015 015 015 015 015 015 015 015 015 015 015 015 015 015 015 015 015 015 015 015 015 015 015 015 015 015 015 015 015 015 015 015 015 015 015 015 015 015 015 015 015 015 015 
02         016 016 015 015 015 015 015 015 015 015 015 015 015 015 015 015 015 015 015 015 015 015 015 015 015 015 015 015 015 015 015 015 015 015 015 015 015 015 015 015 015 015 015 015 015 015 015 015 015 015 015 015 015 015 015 015 015 015 015 015 015 
03             017 016 015 015 015 015 015 015 015 015 015 015 015 015 015 015 015 015 015 015 015 015 015 015 015 015 015 015 015 015 015 015 015 015 015 015 015 015 015 015 015 015 015 015 015 015 015 015 015 015 015 015 015 015 015 015 015 015 015 015 
04                 018 017 015 015 015 015 015 015 015 015 015 015 015 015 015 015 015 015 015 015 016 016 015 015 015 015 015 015 015 015 015 015 015 015 015 015 015 015 015 015 015 015 015 015 015 015 015 015 015 015 015 015 015 015 015 015 015 015 015 
05                     018 015 015 015 015 015 015 015 015 015 015 015 015 015 015 015 015 015 015 016 016 015 015 015 015 015 015 015 015 015 015 015 015 015 015 015 015 015 015 015 015 015 015 015 015 015 015 015 015 015 015 015 015 015 015 015 015 015 
06                         019 017 016 016 016 016 016 016 016 016 016 016 016 016 016 016 016 016 016 016 016 017 016 016 016 016 016 016 016 016 016 016 016 016 016 016 016 016 016 016 016 016 016 016 016 016 016 016 016 016 016 016 016 016 016 016 016 
07                             019 018 016 016 016 016 016 016 016 016 016 016 016 016 016 016 016 016 016 016 016 017 017 016 016 016 016 016 016 016 016 016 016 016 016 016 016 016 016 016 016 016 016 016 016 016 016 016 016 016 016 016 016 016 016 016 
08                                 019 017 016 016 016 016 016 016 016 016 016 016 016 016 016 016 016 016 016 016 017 017 016 016 016 016 016 016 016 016 016 016 016 016 016 016 016 016 016 016 016 016 016 016 016 016 016 016 016 016 016 016 016 016 016 
09                                     019 016 016 016 016 016 016 016 016 016 016 016 016 016 016 016 016 016 016 016 016 016 016 016 016 016 016 016 016 016 016 016 016 016 016 016 016 016 016 016 016 016 016 016 016 016 016 016 016 016 016 016 016 016 
10                                         019 017 017 017 017 017 017 017 017 017 017 017 017 017 017 017 017 017 017 017 017 017 017 017 017 017 017 017 017 017 017 017 017 017 017 017 017 017 017 017 017 017 017 017 017 017 017 017 017 017 017 017 017 
11                                             020 018 018 017 017 017 017 017 017 017 017 017 017 017 017 017 017 017 017 017 017 017 017 017 017 017 017 017 017 017 017 017 017 017 017 017 017 017 017 017 017 017 017 017 017 017 017 017 017 017 017 017 
12                                                 020 020 019 019 018 018 017 017 017 017 017 017 017 017 017 017 017 017 017 018 017 017 017 017 017 017 017 017 017 017 017 017 017 017 017 017 017 017 017 017 017 017 017 017 017 017 017 017 017 017 017 
13                                                     020 019 019 018 018 017 017 017 017 017 017 017 017 017 017 017 017 017 018 017 017 017 017 017 017 017 017 017 017 017 017 017 017 017 017 017 017 017 017 017 017 017 017 017 017 017 017 017 017 017 
14                                                         020 020 019 019 018 018 018 018 018 018 018 018 018 018 018 018 018 019 018 018 018 018 018 018 018 018 018 018 018 018 018 018 018 018 018 018 018 018 018 018 018 018 018 018 018 018 018 018 018 
15                                                             020 019 019 018 018 018 018 018 018 018 018 018 018 018 018 018 019 018 018 018 018 018 018 018 018 018 018 018 018 018 018 018 018 018 018 018 018 018 018 018 018 018 018 018 018 018 018 018 
16                                                                 020 020 019 019 019 019 019 018 018 018 018 018 018 018 018 019 018 018 018 018 018 018 018 018 018 018 018 018 018 018 018 018 018 018 018 018 018 018 018 018 018 018 018 018 018 018 018 
17                                                                     020 019 019 019 019 019 018 018 018 018 018 018 018 018 019 018 018 018 018 018 018 018 018 018 018 018 018 018 018 018 018 018 018 018 018 018 018 018 018 018 018 018 018 018 018 018 
18                                                                         020 020 020 019 019 018 018 018 018 018 018 018 018 018 019 018 018 018 018 018 018 018 018 018 018 018 018 018 018 018 018 018 018 018 018 018 018 018 018 018 018 018 018 018 018 
19                                                                             020 020 019 019 018 018 018 018 018 018 018 018 018 019 018 018 018 018 018 018 018 018 018 018 018 018 018 018 018 018 018 018 018 018 018 018 018 018 018 018 018 018 018 018 
20                                                                                 021 020 020 019 019 019 019 019 019 019 019 019 020 019 019 019 019 019 019 019 019 019 019 019 019 019 019 019 019 019 019 019 019 019 019 019 019 019 019 019 019 019 019 
21                                                                                     020 020 019 019 019 019 019 019 019 019 019 019 019 019 019 019 019 019 019 019 019 019 019 019 019 019 019 019 019 019 019 019 019 019 019 019 019 019 019 019 019 019 
22                                                                                         021 020 019 019 019 019 019 019 019 019 019 019 019 019 019 019 019 019 019 019 019 019 019 019 019 019 019 019 019 019 019 019 019 019 019 019 019 019 019 019 019 
23                                                                                             021 020 019 019 019 019 019 019 019 019 019 019 019 019 019 019 019 019 019 019 019 019 019 019 019 019 019 019 019 019 019 019 019 019 019 019 019 019 019 019 
24                                                                                                 022 021 019 019 019 019 019 019 019 019 019 019 019 019 019 019 019 019 019 019 019 019 019 019 019 019 019 019 019 019 019 019 019 019 019 019 019 019 019 
25                                                                                                     022 020 019 019 019 019 019 019 019 019 019 019 019 019 019 019 019 019 019 019 019 019 019 019 019 019 019 019 019 019 019 019 019 019 019 019 019 019 
26                                                                                                         022 020 020 020 020 020 020 020 020 020 020 020 020 020 020 020 020 020 020 020 020 020 020 020 020 020 020 020 020 020 020 020 020 020 020 020 020 
27                                                                                                             023 020 020 020 020 020 020 020 020 020 020 020 020 020 020 020 020 020 020 020 020 020 020 020 020 020 020 020 020 020 020 020 020 020 020 020 
28                                                                                                                 023 022 020 020 020 020 020 020 020 020 020 020 020 020 020 020 020 020 020 020 020 020 020 020 020 020 020 020 020 020 020 020 020 020 020 
29                                                                                                                     023 020 020 020 020 020 020 020 020 020 020 020 020 020 020 020 020 020 020 020 020 020 020 020 020 020 020 020 020 020 020 020 020 020 
30                                                                                                                         024 021 021 021 021 021 021 021 021 021 021 021 021 021 021 021 021 021 021 021 021 021 021 021 021 021 021 021 021 021 021 021 021 
31                                                                                                                             024 021 021 021 021 021 021 021 021 021 021 021 021 021 021 021 021 021 021 021 021 021 021 021 021 021 021 021 021 021 021 021 
32                                                                                                                                 024 022 022 022 022 022 022 022 022 022 022 022 022 022 022 022 022 022 022 022 022 022 022 022 022 022 022 022 022 022 022 
33                                                                                                                                     025 023 022 022 022 022 022 022 022 022 022 022 022 022 022 022 022 022 022 022 022 022 022 022 022 022 022 022 022 022 
34                                                                                                                                         025 022 022 022 022 022 022 022 022 022 022 022 022 022 022 022 022 022 022 022 022 022 022 022 022 022 022 022 022 
35                                                                                                                                             025 024 022 022 022 022 022 022 022 022 022 022 022 022 022 022 022 022 022 022 022 022 022 022 022 022 022 022 
36                                                                                                                                                 025 023 022 022 022 022 022 022 022 022 022 022 022 022 022 022 022 022 022 022 022 022 022 022 022 022 022 
37                                                                                                                                                     025 024 023 023 023 023 023 023 023 023 023 023 023 023 023 023 023 023 023 023 023 023 023 023 023 023 
38                                                                                                                                                         025 023 023 023 023 023 023 023 023 023 023 023 023 023 023 023 023 023 023 023 023 023 023 023 023 
39                                                                                                                                                             026 024 023 023 023 023 023 023 023 023 023 023 023 023 023 023 023 023 023 023 023 023 023 023 
40                                                                                                                                                                 026 025 023 023 023 023 023 023 023 023 023 023 023 023 023 023 023 023 023 023 023 023 023 
41                                                                                                                                                                     026 024 023 023 023 023 023 023 023 023 023 023 023 023 023 023 023 023 023 023 023 023 
42                                                                                                                                                                         026 025 024 024 024 024 024 024 024 024 024 024 024 024 024 024 024 024 024 024 024 
43                                                                                                                                                                             026 024 024 024 024 024 024 024 024 024 024 024 024 024 024 024 024 024 024 024 
44                                                                                                                                                                                 027 026 024 024 024 024 024 024 024 024 024 024 024 024 024 024 024 024 024 
45                                                                                                                                                                                     027 024 024 024 024 024 024 024 024 024 024 024 024 024 024 024 024 024 
46                                                                                                                                                                                         028 025 025 025 025 025 025 025 025 025 025 025 025 025 025 025 025 
47                                                                                                                                                                                             028 026 025 025 025 025 025 025 025 025 025 025 025 025 025 025 
48                                                                                                                                                                                                 028 025 025 025 025 025 025 025 025 025 025 025 025 025 025 
49                                                                                                                                                                                                     028 027 026 026 026 026 026 026 026 026 026 026 026 026 
50                                                                                                                                                                                                         028 027 026 026 026 026 026 026 026 026 026 026 026 
51                                                                                                                                                                                                             029 026 026 026 026 026 026 026 026 026 026 026 
52                                                                                                                                                                                                                 029 028 026 026 026 026 026 026 026 026 026 
53                                                                                                                                                                                                                     029 027 026 026 026 026 026 026 026 026 
54                                                                                                                                                                                                                         029 028 026 026 026 026 026 026 026 
55                                                                                                                                                                                                                             029 026 026 026 026 026 026 026 
56                                                                                                                                                                                                                                 029 028 027 027 027 027 027 
57                                                                                                                                                                                                                                     030 027 027 027 027 027 
58                                                                                                                                                                                                                                         030 029 027 027 027 
59                                                                                                                                                                                                                                             030 028 027 027 
60                                                                                                                                                                                                                                                 030 027 027 
61                                                                                                                                                                                                                                                     030 029 
62                                                                                                                                                                                                                                                         030 
63                                                                                                                                                                                                                                                             
