   01  02  03  04  05  06  07  08  09  10  11  12  13  14  15  16  17  18  19  20  21  22  23  24  25  26  27  28  29  30  31  32  33  34  35  36  37  38  39  40  41  42  43  44  45  46  47  48  49  50  51  52  53  54  55  56  57  58  59  60  61  62  63  64  65  66  67  68  69  70  71  72  73  74  75  76  77  78  79  80  81  82  83  84  85  86  87  88  89  90  91  92  93  94  95  96  97  98  99  100  101  102  103  104  105  106  107  108  109  110  111  112  113  114  115  116  117  118  119  120  121  122  123  124  125  
01     127 127 126 126 126 126 126 126 126 126 032 091 091 091 091 091 032 032 091 032 126 032 098 098 091 091 032 032 098 098 032 126 032 032 032 032 032 031 123 123 123 123 123 123 123 123 123 091 091 091 091 091 091 091 091 091 091 091 091 091 091 091 091 091 091 091 091 091 091 091 091 091 091 091 091 091 091 091 091 091 091 090 090 090 090 090 090 090 090 090 090 035 035 035 035 035 035 035 035 035 035 035 035 035 035 035 035 035 035 035 035 035 035 035 035 035 035 035 035 035 035 035 035 035 
02         127 126 126 126 126 126 126 126 126 032 091 091 091 091 091 032 032 091 032 126 032 098 098 091 091 032 032 098 098 032 126 032 032 032 032 032 031 123 123 123 123 123 123 123 123 123 091 091 091 091 091 091 091 091 091 091 091 091 091 091 091 091 091 091 091 091 091 091 091 091 091 091 091 091 091 091 091 091 091 091 090 090 090 090 090 090 090 090 090 090 035 035 035 035 035 035 035 035 035 035 035 035 035 035 035 035 035 035 035 035 035 035 035 035 035 035 035 035 035 035 035 035 035 
03             129 129 129 129 129 129 129 129 035 094 094 094 094 094 035 035 094 035 129 035 101 101 094 094 035 035 101 101 035 129 035 035 035 035 035 034 126 126 126 126 126 126 126 126 126 094 094 094 094 094 094 094 094 094 094 094 094 094 094 094 094 094 094 094 094 094 094 094 094 094 094 094 094 094 094 094 094 094 094 093 093 093 093 093 093 093 093 093 093 038 038 038 038 038 038 038 038 038 038 038 038 038 038 038 038 038 038 038 038 038 038 038 038 038 038 038 038 038 038 038 038 038 
04                 130 130 130 130 130 130 130 036 095 095 095 095 095 036 036 095 036 130 036 102 102 095 095 036 036 102 102 036 130 036 036 036 036 036 035 127 127 127 127 127 127 127 127 127 095 095 095 095 095 095 095 095 095 095 095 095 095 095 095 095 095 095 095 095 095 095 095 095 095 095 095 095 095 095 095 095 095 095 094 094 094 094 094 094 094 094 094 094 039 039 039 039 039 039 039 039 039 039 039 039 039 039 039 039 039 039 039 039 039 039 039 039 039 039 039 039 039 039 039 039 039 
05                     133 133 133 133 133 133 039 098 098 098 098 098 039 039 098 039 133 039 105 105 098 098 039 039 105 105 039 133 039 039 039 039 039 038 130 130 130 130 130 130 130 130 130 098 098 098 098 098 098 098 098 098 098 098 098 098 098 098 098 098 098 098 098 098 098 098 098 098 098 098 098 098 098 098 098 098 098 097 097 097 097 097 097 097 097 097 097 042 042 042 042 042 042 042 042 042 042 042 042 042 042 042 042 042 042 042 042 042 042 042 042 042 042 042 042 042 042 042 042 042 
06                         137 137 137 137 137 043 102 102 102 102 102 043 043 102 043 137 043 109 109 102 102 043 043 109 109 043 137 043 043 043 043 043 042 134 134 134 134 134 134 134 134 134 102 102 102 102 102 102 102 102 102 102 102 102 102 102 102 102 102 102 102 102 102 102 102 102 102 102 102 102 102 102 102 102 102 102 101 101 101 101 101 101 101 101 101 101 046 046 046 046 046 046 046 046 046 046 046 046 046 046 046 046 046 046 046 046 046 046 046 046 046 046 046 046 046 046 046 046 046 
07                             137 137 137 137 043 102 102 102 102 102 043 043 102 043 137 043 109 109 102 102 043 043 109 109 043 137 043 043 043 043 043 042 134 134 134 134 134 134 134 134 134 102 102 102 102 102 102 102 102 102 102 102 102 102 102 102 102 102 102 102 102 102 102 102 102 102 102 102 102 102 102 102 102 102 102 101 101 101 101 101 101 101 101 101 101 046 046 046 046 046 046 046 046 046 046 046 046 046 046 046 046 046 046 046 046 046 046 046 046 046 046 046 046 046 046 046 046 046 
08                                 137 137 137 043 102 102 102 102 102 043 043 102 043 137 043 109 109 102 102 043 043 109 109 043 137 043 043 043 043 043 042 134 134 134 134 134 134 134 134 134 102 102 102 102 102 102 102 102 102 102 102 102 102 102 102 102 102 102 102 102 102 102 102 102 102 102 102 102 102 102 102 102 102 102 101 101 101 101 101 101 101 101 101 101 046 046 046 046 046 046 046 046 046 046 046 046 046 046 046 046 046 046 046 046 046 046 046 046 046 046 046 046 046 046 046 046 046 
09                                     137 137 043 102 102 102 102 102 043 043 102 043 137 043 109 109 102 102 043 043 109 109 043 137 043 043 043 043 043 042 134 134 134 134 134 134 134 134 134 102 102 102 102 102 102 102 102 102 102 102 102 102 102 102 102 102 102 102 102 102 102 102 102 102 102 102 102 102 102 102 102 102 102 101 101 101 101 101 101 101 101 101 101 046 046 046 046 046 046 046 046 046 046 046 046 046 046 046 046 046 046 046 046 046 046 046 046 046 046 046 046 046 046 046 046 046 
10                                         138 044 103 103 103 103 103 044 044 103 044 138 044 110 110 103 103 044 044 110 110 044 138 044 044 044 044 044 043 135 135 135 135 135 135 135 135 135 103 103 103 103 103 103 103 103 103 103 103 103 103 103 103 103 103 103 103 103 103 103 103 103 103 103 103 103 103 103 103 103 103 103 102 102 102 102 102 102 102 102 102 102 047 047 047 047 047 047 047 047 047 047 047 047 047 047 047 047 047 047 047 047 047 047 047 047 047 047 047 047 047 047 047 047 047 
11                                             256 142 142 142 142 142 256 256 142 256 044 256 125 125 142 142 256 256 125 125 256 048 256 256 256 255 255 254 078 078 078 078 078 078 078 078 079 142 142 142 142 142 142 142 142 142 142 142 142 142 142 142 142 142 142 142 142 142 142 142 142 142 142 142 142 142 142 142 142 142 142 144 159 159 159 159 159 159 159 159 159 237 237 237 237 237 237 237 237 237 237 237 237 237 237 237 237 237 237 237 237 237 237 237 237 237 237 237 237 237 237 237 237 241 
12                                                 201 201 201 201 201 142 142 201 142 103 142 184 184 201 201 142 142 184 184 142 107 142 142 142 141 141 140 137 137 137 137 137 137 137 137 138 201 201 201 201 201 201 201 201 201 201 201 201 201 201 201 201 201 201 201 201 201 201 201 201 201 201 201 201 201 201 201 201 201 201 200 200 200 200 200 200 200 200 200 200 145 145 145 145 145 145 145 145 145 145 145 145 145 145 145 145 145 145 145 145 145 145 145 145 145 145 145 145 145 145 145 145 145 
13                                                     201 201 201 201 142 142 201 142 103 142 184 184 201 201 142 142 184 184 142 107 142 142 142 141 141 140 137 137 137 137 137 137 137 137 138 201 201 201 201 201 201 201 201 201 201 201 201 201 201 201 201 201 201 201 201 201 201 201 201 201 201 201 201 201 201 201 201 201 201 200 200 200 200 200 200 200 200 200 200 145 145 145 145 145 145 145 145 145 145 145 145 145 145 145 145 145 145 145 145 145 145 145 145 145 145 145 145 145 145 145 145 145 
14                                                         201 201 201 142 142 201 142 103 142 184 184 201 201 142 142 184 184 142 107 142 142 142 141 141 140 137 137 137 137 137 137 137 137 138 201 201 201 201 201 201 201 201 201 201 201 201 201 201 201 201 201 201 201 201 201 201 201 201 201 201 201 201 201 201 201 201 201 201 200 200 200 200 200 200 200 200 200 200 145 145 145 145 145 145 145 145 145 145 145 145 145 145 145 145 145 145 145 145 145 145 145 145 145 145 145 145 145 145 145 145 145 
15                                                             201 201 142 142 201 142 103 142 184 184 201 201 142 142 184 184 142 107 142 142 142 141 141 140 137 137 137 137 137 137 137 137 138 201 201 201 201 201 201 201 201 201 201 201 201 201 201 201 201 201 201 201 201 201 201 201 201 201 201 201 201 201 201 201 201 201 201 200 200 200 200 200 200 200 200 200 200 145 145 145 145 145 145 145 145 145 145 145 145 145 145 145 145 145 145 145 145 145 145 145 145 145 145 145 145 145 145 145 145 145 
16                                                                 201 142 142 201 142 103 142 184 184 201 201 142 142 184 184 142 107 142 142 142 141 141 140 137 137 137 137 137 137 137 137 138 201 201 201 201 201 201 201 201 201 201 201 201 201 201 201 201 201 201 201 201 201 201 201 201 201 201 201 201 201 201 201 201 201 201 200 200 200 200 200 200 200 200 200 200 145 145 145 145 145 145 145 145 145 145 145 145 145 145 145 145 145 145 145 145 145 145 145 145 145 145 145 145 145 145 145 145 145 
17                                                                     256 256 142 256 044 256 125 125 142 142 256 256 125 125 256 048 256 256 256 255 255 254 078 078 078 078 078 078 078 078 079 142 142 142 142 142 142 142 142 142 142 142 142 142 142 142 142 142 142 142 142 142 142 142 142 142 142 142 142 142 142 142 142 142 142 144 159 159 159 159 159 159 159 159 159 237 237 237 237 237 237 237 237 237 237 237 237 237 237 237 237 237 237 237 237 237 237 237 237 237 237 237 237 237 237 237 237 241 
18                                                                         256 142 256 044 256 125 125 142 142 256 256 125 125 256 048 256 256 256 255 255 254 078 078 078 078 078 078 078 078 079 142 142 142 142 142 142 142 142 142 142 142 142 142 142 142 142 142 142 142 142 142 142 142 142 142 142 142 142 142 142 142 142 142 142 144 159 159 159 159 159 159 159 159 159 237 237 237 237 237 237 237 237 237 237 237 237 237 237 237 237 237 237 237 237 237 237 237 237 237 237 237 237 237 237 237 237 241 
19                                                                             201 142 103 142 184 184 201 201 142 142 184 184 142 107 142 142 142 141 141 140 137 137 137 137 137 137 137 137 138 201 201 201 201 201 201 201 201 201 201 201 201 201 201 201 201 201 201 201 201 201 201 201 201 201 201 201 201 201 201 201 201 201 201 200 200 200 200 200 200 200 200 200 200 145 145 145 145 145 145 145 145 145 145 145 145 145 145 145 145 145 145 145 145 145 145 145 145 145 145 145 145 145 145 145 145 145 
20                                                                                 256 044 256 125 125 142 142 256 256 125 125 256 048 256 256 256 255 255 254 078 078 078 078 078 078 078 078 079 142 142 142 142 142 142 142 142 142 142 142 142 142 142 142 142 142 142 142 142 142 142 142 142 142 142 142 142 142 142 142 142 142 142 144 159 159 159 159 159 159 159 159 159 237 237 237 237 237 237 237 237 237 237 237 237 237 237 237 237 237 237 237 237 237 237 237 237 237 237 237 237 237 237 237 237 241 
21                                                                                     138 044 110 110 103 103 044 044 110 110 044 138 044 044 044 044 044 043 135 135 135 135 135 135 135 135 135 103 103 103 103 103 103 103 103 103 103 103 103 103 103 103 103 103 103 103 103 103 103 103 103 103 103 103 103 103 103 103 103 103 103 102 102 102 102 102 102 102 102 102 102 047 047 047 047 047 047 047 047 047 047 047 047 047 047 047 047 047 047 047 047 047 047 047 047 047 047 047 047 047 047 047 047 047 
22                                                                                         256 125 125 142 142 256 256 125 125 256 048 256 256 256 255 255 254 078 078 078 078 078 078 078 078 079 142 142 142 142 142 142 142 142 142 142 142 142 142 142 142 142 142 142 142 142 142 142 142 142 142 142 142 142 142 142 142 142 142 142 144 159 159 159 159 159 159 159 159 159 237 237 237 237 237 237 237 237 237 237 237 237 237 237 237 237 237 237 237 237 237 237 237 237 237 237 237 237 237 237 237 237 241 
23                                                                                             193 193 184 184 125 125 193 193 125 114 125 125 125 124 124 123 144 144 144 144 144 144 144 144 145 184 184 184 184 184 184 184 184 184 184 184 184 184 184 184 184 184 184 184 184 184 184 184 184 184 184 184 184 184 184 184 184 184 184 183 183 183 183 183 183 183 183 183 183 128 128 128 128 128 128 128 128 128 128 128 128 128 128 128 128 128 128 128 128 128 128 128 128 128 128 128 128 128 128 128 128 128 
24                                                                                                 193 184 184 125 125 193 193 125 114 125 125 125 124 124 123 144 144 144 144 144 144 144 144 145 184 184 184 184 184 184 184 184 184 184 184 184 184 184 184 184 184 184 184 184 184 184 184 184 184 184 184 184 184 184 184 184 184 184 183 183 183 183 183 183 183 183 183 183 128 128 128 128 128 128 128 128 128 128 128 128 128 128 128 128 128 128 128 128 128 128 128 128 128 128 128 128 128 128 128 128 128 
25                                                                                                     201 201 142 142 184 184 142 107 142 142 142 141 141 140 137 137 137 137 137 137 137 137 138 201 201 201 201 201 201 201 201 201 201 201 201 201 201 201 201 201 201 201 201 201 201 201 201 201 201 201 201 201 201 201 201 201 201 200 200 200 200 200 200 200 200 200 200 145 145 145 145 145 145 145 145 145 145 145 145 145 145 145 145 145 145 145 145 145 145 145 145 145 145 145 145 145 145 145 145 145 
26                                                                                                         201 142 142 184 184 142 107 142 142 142 141 141 140 137 137 137 137 137 137 137 137 138 201 201 201 201 201 201 201 201 201 201 201 201 201 201 201 201 201 201 201 201 201 201 201 201 201 201 201 201 201 201 201 201 201 201 200 200 200 200 200 200 200 200 200 200 145 145 145 145 145 145 145 145 145 145 145 145 145 145 145 145 145 145 145 145 145 145 145 145 145 145 145 145 145 145 145 145 145 
27                                                                                                             256 256 125 125 256 048 256 256 256 255 255 254 078 078 078 078 078 078 078 078 079 142 142 142 142 142 142 142 142 142 142 142 142 142 142 142 142 142 142 142 142 142 142 142 142 142 142 142 142 142 142 142 142 142 142 144 159 159 159 159 159 159 159 159 159 237 237 237 237 237 237 237 237 237 237 237 237 237 237 237 237 237 237 237 237 237 237 237 237 237 237 237 237 237 237 237 237 241 
28                                                                                                                 256 125 125 256 048 256 256 256 255 255 254 078 078 078 078 078 078 078 078 079 142 142 142 142 142 142 142 142 142 142 142 142 142 142 142 142 142 142 142 142 142 142 142 142 142 142 142 142 142 142 142 142 142 142 144 159 159 159 159 159 159 159 159 159 237 237 237 237 237 237 237 237 237 237 237 237 237 237 237 237 237 237 237 237 237 237 237 237 237 237 237 237 237 237 237 237 241 
29                                                                                                                     193 193 125 114 125 125 125 124 124 123 144 144 144 144 144 144 144 144 145 184 184 184 184 184 184 184 184 184 184 184 184 184 184 184 184 184 184 184 184 184 184 184 184 184 184 184 184 184 184 184 184 184 184 183 183 183 183 183 183 183 183 183 183 128 128 128 128 128 128 128 128 128 128 128 128 128 128 128 128 128 128 128 128 128 128 128 128 128 128 128 128 128 128 128 128 128 
30                                                                                                                         193 125 114 125 125 125 124 124 123 144 144 144 144 144 144 144 144 145 184 184 184 184 184 184 184 184 184 184 184 184 184 184 184 184 184 184 184 184 184 184 184 184 184 184 184 184 184 184 184 184 184 184 183 183 183 183 183 183 183 183 183 183 128 128 128 128 128 128 128 128 128 128 128 128 128 128 128 128 128 128 128 128 128 128 128 128 128 128 128 128 128 128 128 128 128 
31                                                                                                                             256 048 256 256 256 255 255 254 078 078 078 078 078 078 078 078 079 142 142 142 142 142 142 142 142 142 142 142 142 142 142 142 142 142 142 142 142 142 142 142 142 142 142 142 142 142 142 142 142 142 142 144 159 159 159 159 159 159 159 159 159 237 237 237 237 237 237 237 237 237 237 237 237 237 237 237 237 237 237 237 237 237 237 237 237 237 237 237 237 237 237 237 237 241 
32                                                                                                                                 142 048 048 048 048 048 047 139 139 139 139 139 139 139 139 139 107 107 107 107 107 107 107 107 107 107 107 107 107 107 107 107 107 107 107 107 107 107 107 107 107 107 107 107 107 107 107 107 107 107 106 106 106 106 106 106 106 106 106 106 051 051 051 051 051 051 051 051 051 051 051 051 051 051 051 051 051 051 051 051 051 051 051 051 051 051 051 051 051 051 051 051 051 
33                                                                                                                                     256 256 256 255 255 254 078 078 078 078 078 078 078 078 079 142 142 142 142 142 142 142 142 142 142 142 142 142 142 142 142 142 142 142 142 142 142 142 142 142 142 142 142 142 142 142 142 142 142 144 159 159 159 159 159 159 159 159 159 237 237 237 237 237 237 237 237 237 237 237 237 237 237 237 237 237 237 237 237 237 237 237 237 237 237 237 237 237 237 237 237 241 
34                                                                                                                                         256 256 255 255 254 078 078 078 078 078 078 078 078 079 142 142 142 142 142 142 142 142 142 142 142 142 142 142 142 142 142 142 142 142 142 142 142 142 142 142 142 142 142 142 142 142 142 142 144 159 159 159 159 159 159 159 159 159 237 237 237 237 237 237 237 237 237 237 237 237 237 237 237 237 237 237 237 237 237 237 237 237 237 237 237 237 237 237 237 237 241 
35                                                                                                                                             256 255 255 254 078 078 078 078 078 078 078 078 079 142 142 142 142 142 142 142 142 142 142 142 142 142 142 142 142 142 142 142 142 142 142 142 142 142 142 142 142 142 142 142 142 142 142 144 159 159 159 159 159 159 159 159 159 237 237 237 237 237 237 237 237 237 237 237 237 237 237 237 237 237 237 237 237 237 237 237 237 237 237 237 237 237 237 237 237 241 
36                                                                                                                                                 256 256 255 077 077 077 077 077 077 077 077 078 141 141 141 141 141 141 141 141 141 141 141 141 141 141 141 141 141 141 141 141 141 141 141 141 141 141 141 141 141 141 141 141 141 141 143 158 158 158 158 158 158 158 158 158 236 236 236 236 236 236 236 236 236 236 236 236 236 236 236 236 236 236 236 236 236 236 236 236 236 236 236 236 236 236 236 236 240 
37                                                                                                                                                     256 255 077 077 077 077 077 077 077 077 078 141 141 141 141 141 141 141 141 141 141 141 141 141 141 141 141 141 141 141 141 141 141 141 141 141 141 141 141 141 141 141 141 141 141 143 158 158 158 158 158 158 158 158 158 236 236 236 236 236 236 236 236 236 236 236 236 236 236 236 236 236 236 236 236 236 236 236 236 236 236 236 236 236 236 236 236 240 
38                                                                                                                                                         256 076 076 076 076 076 076 076 076 077 140 140 140 140 140 140 140 140 140 140 140 140 140 140 140 140 140 140 140 140 140 140 140 140 140 140 140 140 140 140 140 140 140 140 142 157 157 157 157 157 157 157 157 157 235 235 235 235 235 235 235 235 235 235 235 235 235 235 235 235 235 235 235 235 235 235 235 235 235 235 235 235 235 235 235 235 239 
39                                                                                                                                                             169 169 169 169 169 169 169 169 169 137 137 137 137 137 137 137 137 137 137 137 137 137 137 137 137 137 137 137 137 137 137 137 137 137 137 137 137 137 137 137 137 137 137 136 136 136 136 136 136 136 136 136 136 081 081 081 081 081 081 081 081 081 081 081 081 081 081 081 081 081 081 081 081 081 081 081 081 081 081 081 081 081 081 081 081 081 
40                                                                                                                                                                 169 169 169 169 169 169 169 169 137 137 137 137 137 137 137 137 137 137 137 137 137 137 137 137 137 137 137 137 137 137 137 137 137 137 137 137 137 137 137 137 137 137 136 136 136 136 136 136 136 136 136 136 081 081 081 081 081 081 081 081 081 081 081 081 081 081 081 081 081 081 081 081 081 081 081 081 081 081 081 081 081 081 081 081 081 
41                                                                                                                                                                     169 169 169 169 169 169 169 137 137 137 137 137 137 137 137 137 137 137 137 137 137 137 137 137 137 137 137 137 137 137 137 137 137 137 137 137 137 137 137 137 137 136 136 136 136 136 136 136 136 136 136 081 081 081 081 081 081 081 081 081 081 081 081 081 081 081 081 081 081 081 081 081 081 081 081 081 081 081 081 081 081 081 081 081 
42                                                                                                                                                                         169 169 169 169 169 169 137 137 137 137 137 137 137 137 137 137 137 137 137 137 137 137 137 137 137 137 137 137 137 137 137 137 137 137 137 137 137 137 137 137 136 136 136 136 136 136 136 136 136 136 081 081 081 081 081 081 081 081 081 081 081 081 081 081 081 081 081 081 081 081 081 081 081 081 081 081 081 081 081 081 081 081 081 
43                                                                                                                                                                             169 169 169 169 169 137 137 137 137 137 137 137 137 137 137 137 137 137 137 137 137 137 137 137 137 137 137 137 137 137 137 137 137 137 137 137 137 137 137 136 136 136 136 136 136 136 136 136 136 081 081 081 081 081 081 081 081 081 081 081 081 081 081 081 081 081 081 081 081 081 081 081 081 081 081 081 081 081 081 081 081 081 
44                                                                                                                                                                                 169 169 169 169 137 137 137 137 137 137 137 137 137 137 137 137 137 137 137 137 137 137 137 137 137 137 137 137 137 137 137 137 137 137 137 137 137 137 136 136 136 136 136 136 136 136 136 136 081 081 081 081 081 081 081 081 081 081 081 081 081 081 081 081 081 081 081 081 081 081 081 081 081 081 081 081 081 081 081 081 081 
45                                                                                                                                                                                     169 169 169 137 137 137 137 137 137 137 137 137 137 137 137 137 137 137 137 137 137 137 137 137 137 137 137 137 137 137 137 137 137 137 137 137 137 136 136 136 136 136 136 136 136 136 136 081 081 081 081 081 081 081 081 081 081 081 081 081 081 081 081 081 081 081 081 081 081 081 081 081 081 081 081 081 081 081 081 081 
46                                                                                                                                                                                         169 169 137 137 137 137 137 137 137 137 137 137 137 137 137 137 137 137 137 137 137 137 137 137 137 137 137 137 137 137 137 137 137 137 137 137 136 136 136 136 136 136 136 136 136 136 081 081 081 081 081 081 081 081 081 081 081 081 081 081 081 081 081 081 081 081 081 081 081 081 081 081 081 081 081 081 081 081 081 
47                                                                                                                                                                                             170 138 138 138 138 138 138 138 138 138 138 138 138 138 138 138 138 138 138 138 138 138 138 138 138 138 138 138 138 138 138 138 138 138 138 137 137 137 137 137 137 137 137 137 137 082 082 082 082 082 082 082 082 082 082 082 082 082 082 082 082 082 082 082 082 082 082 082 082 082 082 082 082 082 082 082 082 082 
48                                                                                                                                                                                                 201 201 201 201 201 201 201 201 201 201 201 201 201 201 201 201 201 201 201 201 201 201 201 201 201 201 201 201 201 201 201 201 201 201 200 200 200 200 200 200 200 200 200 200 145 145 145 145 145 145 145 145 145 145 145 145 145 145 145 145 145 145 145 145 145 145 145 145 145 145 145 145 145 145 145 145 145 
49                                                                                                                                                                                                     201 201 201 201 201 201 201 201 201 201 201 201 201 201 201 201 201 201 201 201 201 201 201 201 201 201 201 201 201 201 201 201 201 200 200 200 200 200 200 200 200 200 200 145 145 145 145 145 145 145 145 145 145 145 145 145 145 145 145 145 145 145 145 145 145 145 145 145 145 145 145 145 145 145 145 145 
50                                                                                                                                                                                                         201 201 201 201 201 201 201 201 201 201 201 201 201 201 201 201 201 201 201 201 201 201 201 201 201 201 201 201 201 201 201 201 200 200 200 200 200 200 200 200 200 200 145 145 145 145 145 145 145 145 145 145 145 145 145 145 145 145 145 145 145 145 145 145 145 145 145 145 145 145 145 145 145 145 145 
51                                                                                                                                                                                                             201 201 201 201 201 201 201 201 201 201 201 201 201 201 201 201 201 201 201 201 201 201 201 201 201 201 201 201 201 201 201 200 200 200 200 200 200 200 200 200 200 145 145 145 145 145 145 145 145 145 145 145 145 145 145 145 145 145 145 145 145 145 145 145 145 145 145 145 145 145 145 145 145 145 
52                                                                                                                                                                                                                 201 201 201 201 201 201 201 201 201 201 201 201 201 201 201 201 201 201 201 201 201 201 201 201 201 201 201 201 201 201 200 200 200 200 200 200 200 200 200 200 145 145 145 145 145 145 145 145 145 145 145 145 145 145 145 145 145 145 145 145 145 145 145 145 145 145 145 145 145 145 145 145 145 
53                                                                                                                                                                                                                     201 201 201 201 201 201 201 201 201 201 201 201 201 201 201 201 201 201 201 201 201 201 201 201 201 201 201 201 201 200 200 200 200 200 200 200 200 200 200 145 145 145 145 145 145 145 145 145 145 145 145 145 145 145 145 145 145 145 145 145 145 145 145 145 145 145 145 145 145 145 145 145 
54                                                                                                                                                                                                                         201 201 201 201 201 201 201 201 201 201 201 201 201 201 201 201 201 201 201 201 201 201 201 201 201 201 201 201 200 200 200 200 200 200 200 200 200 200 145 145 145 145 145 145 145 145 145 145 145 145 145 145 145 145 145 145 145 145 145 145 145 145 145 145 145 145 145 145 145 145 145 
55                                                                                                                                                                                                                             201 201 201 201 201 201 201 201 201 201 201 201 201 201 201 201 201 201 201 201 201 201 201 201 201 201 201 200 200 200 200 200 200 200 200 200 200 145 145 145 145 145 145 145 145 145 145 145 145 145 145 145 145 145 145 145 145 145 145 145 145 145 145 145 145 145 145 145 145 145 
56                                                                                                                                                                                                                                 201 201 201 201 201 201 201 201 201 201 201 201 201 201 201 201 201 201 201 201 201 201 201 201 201 201 200 200 200 200 200 200 200 200 200 200 145 145 145 145 145 145 145 145 145 145 145 145 145 145 145 145 145 145 145 145 145 145 145 145 145 145 145 145 145 145 145 145 145 
57                                                                                                                                                                                                                                     201 201 201 201 201 201 201 201 201 201 201 201 201 201 201 201 201 201 201 201 201 201 201 201 201 200 200 200 200 200 200 200 200 200 200 145 145 145 145 145 145 145 145 145 145 145 145 145 145 145 145 145 145 145 145 145 145 145 145 145 145 145 145 145 145 145 145 145 
58                                                                                                                                                                                                                                         201 201 201 201 201 201 201 201 201 201 201 201 201 201 201 201 201 201 201 201 201 201 201 201 200 200 200 200 200 200 200 200 200 200 145 145 145 145 145 145 145 145 145 145 145 145 145 145 145 145 145 145 145 145 145 145 145 145 145 145 145 145 145 145 145 145 145 
59                                                                                                                                                                                                                                             201 201 201 201 201 201 201 201 201 201 201 201 201 201 201 201 201 201 201 201 201 201 201 200 200 200 200 200 200 200 200 200 200 145 145 145 145 145 145 145 145 145 145 145 145 145 145 145 145 145 145 145 145 145 145 145 145 145 145 145 145 145 145 145 145 145 
60                                                                                                                                                                                                                                                 201 201 201 201 201 201 201 201 201 201 201 201 201 201 201 201 201 201 201 201 201 201 200 200 200 200 200 200 200 200 200 200 145 145 145 145 145 145 145 145 145 145 145 145 145 145 145 145 145 145 145 145 145 145 145 145 145 145 145 145 145 145 145 145 145 
61                                                                                                                                                                                                                                                     201 201 201 201 201 201 201 201 201 201 201 201 201 201 201 201 201 201 201 201 201 200 200 200 200 200 200 200 200 200 200 145 145 145 145 145 145 145 145 145 145 145 145 145 145 145 145 145 145 145 145 145 145 145 145 145 145 145 145 145 145 145 145 145 
62                                                                                                                                                                                                                                                         201 201 201 201 201 201 201 201 201 201 201 201 201 201 201 201 201 201 201 201 200 200 200 200 200 200 200 200 200 200 145 145 145 145 145 145 145 145 145 145 145 145 145 145 145 145 145 145 145 145 145 145 145 145 145 145 145 145 145 145 145 145 145 
63                                                                                                                                                                                                                                                             201 201 201 201 201 201 201 201 201 201 201 201 201 201 201 201 201 201 201 200 200 200 200 200 200 200 200 200 200 145 145 145 145 145 145 145 145 145 145 145 145 145 145 145 145 145 145 145 145 145 145 145 145 145 145 145 145 145 145 145 145 145 
64                                                                                                                                                                                                                                                                 201 201 201 201 201 201 201 201 201 201 201 201 201 201 201 201 201 201 200 200 200 200 200 200 200 200 200 200 145 145 145 145 145 145 145 145 145 145 145 145 145 145 145 145 145 145 145 145 145 145 145 145 145 145 145 145 145 145 145 145 145 
65                                                                                                                                                                                                                                                                     201 201 201 201 201 201 201 201 201 201 201 201 201 201 201 201 201 200 200 200 200 200 200 200 200 200 200 145 145 145 145 145 145 145 145 145 145 145 145 145 145 145 145 145 145 145 145 145 145 145 145 145 145 145 145 145 145 145 145 145 
66                                                                                                                                                                                                                                                                         201 201 201 201 201 201 201 201 201 201 201 201 201 201 201 201 200 200 200 200 200 200 200 200 200 200 145 145 145 145 145 145 145 145 145 145 145 145 145 145 145 145 145 145 145 145 145 145 145 145 145 145 145 145 145 145 145 145 145 
67                                                                                                                                                                                                                                                                             201 201 201 201 201 201 201 201 201 201 201 201 201 201 201 200 200 200 200 200 200 200 200 200 200 145 145 145 145 145 145 145 145 145 145 145 145 145 145 145 145 145 145 145 145 145 145 145 145 145 145 145 145 145 145 145 145 145 
68                                                                                                                                                                                                                                                                                 201 201 201 201 201 201 201 201 201 201 201 201 201 201 200 200 200 200 200 200 200 200 200 200 145 145 145 145 145 145 145 145 145 145 145 145 145 145 145 145 145 145 145 145 145 145 145 145 145 145 145 145 145 145 145 145 145 
69                                                                                                                                                                                                                                                                                     201 201 201 201 201 201 201 201 201 201 201 201 201 200 200 200 200 200 200 200 200 200 200 145 145 145 145 145 145 145 145 145 145 145 145 145 145 145 145 145 145 145 145 145 145 145 145 145 145 145 145 145 145 145 145 145 
70                                                                                                                                                                                                                                                                                         201 201 201 201 201 201 201 201 201 201 201 201 200 200 200 200 200 200 200 200 200 200 145 145 145 145 145 145 145 145 145 145 145 145 145 145 145 145 145 145 145 145 145 145 145 145 145 145 145 145 145 145 145 145 145 
71                                                                                                                                                                                                                                                                                             201 201 201 201 201 201 201 201 201 201 201 200 200 200 200 200 200 200 200 200 200 145 145 145 145 145 145 145 145 145 145 145 145 145 145 145 145 145 145 145 145 145 145 145 145 145 145 145 145 145 145 145 145 145 
72                                                                                                                                                                                                                                                                                                 201 201 201 201 201 201 201 201 201 201 200 200 200 200 200 200 200 200 200 200 145 145 145 145 145 145 145 145 145 145 145 145 145 145 145 145 145 145 145 145 145 145 145 145 145 145 145 145 145 145 145 145 145 
73                                                                                                                                                                                                                                                                                                     201 201 201 201 201 201 201 201 201 200 200 200 200 200 200 200 200 200 200 145 145 145 145 145 145 145 145 145 145 145 145 145 145 145 145 145 145 145 145 145 145 145 145 145 145 145 145 145 145 145 145 145 
74                                                                                                                                                                                                                                                                                                         201 201 201 201 201 201 201 201 200 200 200 200 200 200 200 200 200 200 145 145 145 145 145 145 145 145 145 145 145 145 145 145 145 145 145 145 145 145 145 145 145 145 145 145 145 145 145 145 145 145 145 
75                                                                                                                                                                                                                                                                                                             201 201 201 201 201 201 201 200 200 200 200 200 200 200 200 200 200 145 145 145 145 145 145 145 145 145 145 145 145 145 145 145 145 145 145 145 145 145 145 145 145 145 145 145 145 145 145 145 145 145 
76                                                                                                                                                                                                                                                                                                                 201 201 201 201 201 201 200 200 200 200 200 200 200 200 200 200 145 145 145 145 145 145 145 145 145 145 145 145 145 145 145 145 145 145 145 145 145 145 145 145 145 145 145 145 145 145 145 145 145 
77                                                                                                                                                                                                                                                                                                                     201 201 201 201 201 200 200 200 200 200 200 200 200 200 200 145 145 145 145 145 145 145 145 145 145 145 145 145 145 145 145 145 145 145 145 145 145 145 145 145 145 145 145 145 145 145 145 145 
78                                                                                                                                                                                                                                                                                                                         201 201 201 201 200 200 200 200 200 200 200 200 200 200 145 145 145 145 145 145 145 145 145 145 145 145 145 145 145 145 145 145 145 145 145 145 145 145 145 145 145 145 145 145 145 145 145 
79                                                                                                                                                                                                                                                                                                                             201 201 201 200 200 200 200 200 200 200 200 200 200 145 145 145 145 145 145 145 145 145 145 145 145 145 145 145 145 145 145 145 145 145 145 145 145 145 145 145 145 145 145 145 145 145 
80                                                                                                                                                                                                                                                                                                                                 201 201 200 200 200 200 200 200 200 200 200 200 145 145 145 145 145 145 145 145 145 145 145 145 145 145 145 145 145 145 145 145 145 145 145 145 145 145 145 145 145 145 145 145 145 
81                                                                                                                                                                                                                                                                                                                                     201 200 200 200 200 200 200 200 200 200 200 145 145 145 145 145 145 145 145 145 145 145 145 145 145 145 145 145 145 145 145 145 145 145 145 145 145 145 145 145 145 145 145 145 
82                                                                                                                                                                                                                                                                                                                                         202 202 202 202 202 202 202 202 202 202 147 147 147 147 147 147 147 147 147 147 147 147 147 147 147 147 147 147 147 147 147 147 147 147 147 147 147 147 147 147 147 147 147 
83                                                                                                                                                                                                                                                                                                                                             217 217 217 217 217 217 217 217 217 162 162 162 162 162 162 162 162 162 162 162 162 162 162 162 162 162 162 162 162 162 162 162 162 162 162 162 162 162 162 162 162 162 
84                                                                                                                                                                                                                                                                                                                                                 217 217 217 217 217 217 217 217 162 162 162 162 162 162 162 162 162 162 162 162 162 162 162 162 162 162 162 162 162 162 162 162 162 162 162 162 162 162 162 162 162 
85                                                                                                                                                                                                                                                                                                                                                     217 217 217 217 217 217 217 162 162 162 162 162 162 162 162 162 162 162 162 162 162 162 162 162 162 162 162 162 162 162 162 162 162 162 162 162 162 162 162 162 
86                                                                                                                                                                                                                                                                                                                                                         217 217 217 217 217 217 162 162 162 162 162 162 162 162 162 162 162 162 162 162 162 162 162 162 162 162 162 162 162 162 162 162 162 162 162 162 162 162 162 
87                                                                                                                                                                                                                                                                                                                                                             217 217 217 217 217 162 162 162 162 162 162 162 162 162 162 162 162 162 162 162 162 162 162 162 162 162 162 162 162 162 162 162 162 162 162 162 162 162 
88                                                                                                                                                                                                                                                                                                                                                                 217 217 217 217 162 162 162 162 162 162 162 162 162 162 162 162 162 162 162 162 162 162 162 162 162 162 162 162 162 162 162 162 162 162 162 162 162 
89                                                                                                                                                                                                                                                                                                                                                                     217 217 217 162 162 162 162 162 162 162 162 162 162 162 162 162 162 162 162 162 162 162 162 162 162 162 162 162 162 162 162 162 162 162 162 162 
90                                                                                                                                                                                                                                                                                                                                                                         217 217 162 162 162 162 162 162 162 162 162 162 162 162 162 162 162 162 162 162 162 162 162 162 162 162 162 162 162 162 162 162 162 162 162 
91                                                                                                                                                                                                                                                                                                                                                                             217 162 162 162 162 162 162 162 162 162 162 162 162 162 162 162 162 162 162 162 162 162 162 162 162 162 162 162 162 162 162 162 162 162 
92                                                                                                                                                                                                                                                                                                                                                                                 240 240 240 240 240 240 240 240 240 240 240 240 240 240 240 240 240 240 240 240 240 240 240 240 240 240 240 240 240 240 240 240 240 
93                                                                                                                                                                                                                                                                                                                                                                                     240 240 240 240 240 240 240 240 240 240 240 240 240 240 240 240 240 240 240 240 240 240 240 240 240 240 240 240 240 240 240 240 
94                                                                                                                                                                                                                                                                                                                                                                                         240 240 240 240 240 240 240 240 240 240 240 240 240 240 240 240 240 240 240 240 240 240 240 240 240 240 240 240 240 240 240 
95                                                                                                                                                                                                                                                                                                                                                                                             240 240 240 240 240 240 240 240 240 240 240 240 240 240 240 240 240 240 240 240 240 240 240 240 240 240 240 240 240 240 
96                                                                                                                                                                                                                                                                                                                                                                                                 240 240 240 240 240 240 240 240 240 240 240 240 240 240 240 240 240 240 240 240 240 240 240 240 240 240 240 240 240 
97                                                                                                                                                                                                                                                                                                                                                                                                     240 240 240 240 240 240 240 240 240 240 240 240 240 240 240 240 240 240 240 240 240 240 240 240 240 240 240 240 
98                                                                                                                                                                                                                                                                                                                                                                                                         240 240 240 240 240 240 240 240 240 240 240 240 240 240 240 240 240 240 240 240 240 240 240 240 240 240 240 
99                                                                                                                                                                                                                                                                                                                                                                                                             240 240 240 240 240 240 240 240 240 240 240 240 240 240 240 240 240 240 240 240 240 240 240 240 240 240 
100                                                                                                                                                                                                                                                                                                                                                                                                                 240 240 240 240 240 240 240 240 240 240 240 240 240 240 240 240 240 240 240 240 240 240 240 240 240 
101                                                                                                                                                                                                                                                                                                                                                                                                                     240 240 240 240 240 240 240 240 240 240 240 240 240 240 240 240 240 240 240 240 240 240 240 240 
102                                                                                                                                                                                                                                                                                                                                                                                                                         240 240 240 240 240 240 240 240 240 240 240 240 240 240 240 240 240 240 240 240 240 240 240 
103                                                                                                                                                                                                                                                                                                                                                                                                                             240 240 240 240 240 240 240 240 240 240 240 240 240 240 240 240 240 240 240 240 240 240 
104                                                                                                                                                                                                                                                                                                                                                                                                                                 240 240 240 240 240 240 240 240 240 240 240 240 240 240 240 240 240 240 240 240 240 
105                                                                                                                                                                                                                                                                                                                                                                                                                                     240 240 240 240 240 240 240 240 240 240 240 240 240 240 240 240 240 240 240 240 
106                                                                                                                                                                                                                                                                                                                                                                                                                                         240 240 240 240 240 240 240 240 240 240 240 240 240 240 240 240 240 240 240 
107                                                                                                                                                                                                                                                                                                                                                                                                                                             240 240 240 240 240 240 240 240 240 240 240 240 240 240 240 240 240 240 
108                                                                                                                                                                                                                                                                                                                                                                                                                                                 240 240 240 240 240 240 240 240 240 240 240 240 240 240 240 240 240 
109                                                                                                                                                                                                                                                                                                                                                                                                                                                     240 240 240 240 240 240 240 240 240 240 240 240 240 240 240 240 
110                                                                                                                                                                                                                                                                                                                                                                                                                                                         240 240 240 240 240 240 240 240 240 240 240 240 240 240 240 
111                                                                                                                                                                                                                                                                                                                                                                                                                                                             240 240 240 240 240 240 240 240 240 240 240 240 240 240 
112                                                                                                                                                                                                                                                                                                                                                                                                                                                                 240 240 240 240 240 240 240 240 240 240 240 240 240 
113                                                                                                                                                                                                                                                                                                                                                                                                                                                                     240 240 240 240 240 240 240 240 240 240 240 240 
114                                                                                                                                                                                                                                                                                                                                                                                                                                                                         240 240 240 240 240 240 240 240 240 240 240 
115                                                                                                                                                                                                                                                                                                                                                                                                                                                                             240 240 240 240 240 240 240 240 240 240 
116                                                                                                                                                                                                                                                                                                                                                                                                                                                                                 240 240 240 240 240 240 240 240 240 
117                                                                                                                                                                                                                                                                                                                                                                                                                                                                                     240 240 240 240 240 240 240 240 
118                                                                                                                                                                                                                                                                                                                                                                                                                                                                                         240 240 240 240 240 240 240 
119                                                                                                                                                                                                                                                                                                                                                                                                                                                                                             240 240 240 240 240 240 
120                                                                                                                                                                                                                                                                                                                                                                                                                                                                                                 240 240 240 240 240 
121                                                                                                                                                                                                                                                                                                                                                                                                                                                                                                     240 240 240 240 
122                                                                                                                                                                                                                                                                                                                                                                                                                                                                                                         240 240 240 
123                                                                                                                                                                                                                                                                                                                                                                                                                                                                                                             240 240 
124                                                                                                                                                                                                                                                                                                                                                                                                                                                                                                                 244 
125                                                                                                                                                                                                                                                                                                                                                                                                                                                                                                                     
