   01  02  03  04  05  06  07  08  09  10  11  12  13  14  15  16  17  18  19  20  21  22  23  24  25  26  27  28  29  30  31  32  33  34  35  36  37  38  39  40  41  42  43  44  
01     016 016 016 016 016 016 016 016 016 016 016 016 016 016 016 016 016 016 016 016 016 015 015 015 015 015 015 015 015 015 015 015 015 015 015 015 015 015 015 015 015 015 015 
02         016 016 016 016 016 016 016 016 016 016 016 016 016 016 016 016 016 016 016 016 015 015 015 015 015 015 015 015 015 015 015 015 015 015 015 015 015 015 015 015 015 015 
03             017 017 017 017 017 017 017 017 017 017 017 017 017 017 017 017 017 017 017 016 016 016 016 016 016 016 016 016 016 016 016 016 016 016 016 016 016 016 016 016 016 
04                 021 021 021 019 018 018 017 017 018 017 017 017 019 019 019 021 021 018 017 017 017 017 017 017 017 017 017 017 017 017 017 017 017 017 017 017 017 017 017 017 
05                     021 021 019 018 018 017 017 018 017 017 017 019 019 019 021 021 018 017 017 017 017 017 017 017 017 017 017 017 017 017 017 017 017 017 017 017 017 017 017 
06                         021 019 018 018 017 017 018 017 017 017 019 019 019 021 021 018 017 017 017 017 017 017 017 017 017 017 017 017 017 017 017 017 017 017 017 017 017 017 
07                             021 018 018 017 017 018 017 017 017 020 020 020 019 019 018 017 017 017 017 017 017 017 017 017 017 017 017 017 017 017 017 017 017 017 017 017 017 
08                                 021 020 017 017 018 017 017 017 018 018 018 018 018 018 017 017 017 017 017 017 017 017 017 017 017 017 017 017 017 017 017 017 017 017 017 017 
09                                     021 017 017 018 017 017 017 018 018 018 018 018 018 017 017 017 017 017 017 017 017 017 017 017 017 017 017 017 017 017 017 017 017 017 017 
10                                         021 021 017 020 018 018 017 017 017 017 017 017 016 016 016 016 016 016 016 016 016 016 016 016 016 016 016 016 016 016 016 016 016 016 
11                                             021 017 020 018 018 017 017 017 017 017 017 016 016 016 016 016 016 016 016 016 016 016 016 016 016 016 016 016 016 016 016 016 016 
12                                                 021 017 017 017 018 018 018 018 018 018 017 017 017 017 017 017 017 017 017 017 017 017 017 017 017 017 017 017 017 017 017 017 
13                                                     021 018 018 017 017 017 017 017 017 016 016 016 016 016 016 016 016 016 016 016 016 016 016 016 016 016 016 016 016 016 016 
14                                                         021 021 017 017 017 017 017 017 016 016 016 016 016 016 016 016 016 016 016 016 016 016 016 016 016 016 016 016 016 016 
15                                                             021 017 017 017 017 017 017 016 016 016 016 016 016 016 016 016 016 016 016 016 016 016 016 016 016 016 016 016 016 
16                                                                 021 021 021 019 019 018 017 017 017 017 017 017 017 017 017 017 017 017 017 017 017 017 017 017 017 017 017 017 
17                                                                     021 021 019 019 018 017 017 017 017 017 017 017 017 017 017 017 017 017 017 017 017 017 017 017 017 017 017 
18                                                                         021 019 019 018 017 017 017 017 017 017 017 017 017 017 017 017 017 017 017 017 017 017 017 017 017 017 
19                                                                             021 021 018 017 017 017 017 017 017 017 017 017 017 017 017 017 017 017 017 017 017 017 017 017 017 
20                                                                                 021 018 017 017 017 017 017 017 017 017 017 017 017 017 017 017 017 017 017 017 017 017 017 017 
21                                                                                     046 044 044 043 043 043 043 042 042 042 042 042 042 042 042 042 042 042 042 042 042 042 042 
22                                                                                         046 046 045 045 045 045 044 044 044 044 044 044 044 044 044 044 044 044 044 044 044 044 
23                                                                                             046 045 045 045 045 044 044 044 044 044 044 044 044 044 044 044 044 044 044 044 044 
24                                                                                                 047 047 047 047 046 046 046 046 046 046 046 046 046 046 046 046 046 046 046 046 
25                                                                                                     047 047 047 046 046 046 046 046 046 046 046 046 046 046 046 046 046 046 046 
26                                                                                                         047 047 046 046 046 046 046 046 046 046 046 046 046 046 046 046 046 046 
27                                                                                                             047 046 046 046 046 046 046 046 046 046 046 046 046 046 046 046 046 
28                                                                                                                 047 047 046 046 046 046 046 046 046 046 046 046 046 046 046 046 
29                                                                                                                     047 046 046 046 046 046 046 046 046 046 046 046 046 046 046 
30                                                                                                                         047 046 046 046 046 046 046 046 046 046 046 046 046 046 
31                                                                                                                             047 047 047 047 046 046 046 046 046 046 046 046 046 
32                                                                                                                                 047 047 047 046 046 046 046 046 046 046 046 046 
33                                                                                                                                     047 047 046 046 046 046 046 046 046 046 046 
34                                                                                                                                         047 046 046 046 046 046 046 046 046 046 
35                                                                                                                                             047 047 047 047 047 046 046 046 046 
36                                                                                                                                                 047 047 047 047 046 046 046 046 
37                                                                                                                                                     047 047 047 046 046 046 046 
38                                                                                                                                                         047 047 046 046 046 046 
39                                                                                                                                                             047 046 046 046 046 
40                                                                                                                                                                 047 047 047 047 
41                                                                                                                                                                     047 047 047 
42                                                                                                                                                                         047 047 
43                                                                                                                                                                             047 
44                                                                                                                                                                                 
