   01  02  03  04  05  06  07  08  09  10  11  12  13  14  
01     038 027 027 027 026 026 025 025 025 025 025 025 025 
02         038 038 038 037 037 028 028 028 028 028 028 028 
03             038 038 037 037 028 028 028 028 028 028 028 
04                 038 037 037 028 028 028 028 028 028 028 
05                     038 038 028 028 028 028 028 028 028 
06                         038 028 028 028 028 028 028 028 
07                             042 038 037 042 042 042 042 
08                                 042 039 038 038 038 038 
09                                     042 037 037 037 037 
10                                         042 042 042 042 
11                                             042 042 042 
12                                                 042 042 
13                                                     042 
14                                                         
