   01  02  03  04  05  06  07  08  09  10  11  12  13  14  15  16  17  18  19  20  21  22  23  24  25  26  27  28  29  30  31  32  33  34  35  36  37  38  39  40  41  42  43  44  45  46  47  48  49  50  51  52  53  54  55  56  57  58  59  60  61  62  63  64  65  66  67  68  69  70  71  72  73  74  75  76  77  78  79  80  81  82  83  84  85  86  87  88  89  90  91  92  93  94  95  96  97  98  99  100  101  102  103  104  105  106  107  108  109  110  111  112  
01     015 015 015 015 015 015 015 015 015 015 013 013 013 013 013 013 013 013 013 013 015 013 013 013 015 015 015 015 015 015 015 015 015 015 015 015 015 015 015 015 015 015 015 015 015 015 015 015 015 015 015 015 015 015 015 015 015 015 015 015 015 015 015 015 015 015 015 015 015 015 015 015 015 015 015 015 015 015 015 015 015 015 014 014 014 014 014 014 014 014 014 014 014 014 014 014 014 014 014 014 013 013 013 013 013 013 013 013 013 013 013 
02         015 015 015 015 015 015 015 015 015 013 013 013 013 013 013 013 013 013 013 015 013 013 013 015 015 015 015 015 015 015 015 015 015 015 015 015 015 015 015 015 015 015 015 015 015 015 015 015 015 015 015 015 015 015 015 015 015 015 015 015 015 015 015 015 015 015 015 015 015 015 015 015 015 015 015 015 015 015 015 015 015 014 014 014 014 014 014 014 014 014 014 014 014 014 014 014 014 014 014 013 013 013 013 013 013 013 013 013 013 013 
03             017 016 016 016 016 016 016 016 014 014 014 014 014 014 014 014 014 014 016 014 014 014 016 016 016 016 016 016 016 016 016 016 016 016 016 016 016 016 016 016 016 016 016 016 016 016 016 016 016 016 016 016 016 016 016 016 016 016 016 016 016 016 016 016 016 016 016 016 016 016 016 016 016 016 016 016 016 016 016 016 015 015 015 015 015 015 015 015 015 015 015 015 015 015 015 015 015 015 014 014 014 014 014 014 014 014 014 014 014 
04                 017 016 016 016 016 016 016 014 014 014 014 014 014 014 014 014 014 016 014 014 014 016 016 016 016 016 016 016 016 016 016 016 016 016 016 016 016 016 016 016 016 016 016 016 016 016 016 016 016 016 016 016 016 016 016 016 016 016 016 016 016 016 016 016 016 016 016 016 016 016 016 016 016 016 016 016 016 016 016 015 015 015 015 015 015 015 015 015 015 015 015 015 015 015 015 015 015 014 014 014 014 014 014 014 014 014 014 014 
05                     017 016 016 016 016 016 014 014 014 014 014 014 014 014 014 014 016 014 014 014 016 016 016 016 016 016 016 016 016 016 016 016 016 016 016 016 016 016 016 016 016 016 016 016 016 016 016 016 016 016 016 016 016 016 016 016 016 016 016 016 016 016 016 016 016 016 016 016 016 016 016 016 016 016 016 016 016 016 015 015 015 015 015 015 015 015 015 015 015 015 015 015 015 015 015 015 014 014 014 014 014 014 014 014 014 014 014 
06                         017 017 016 016 016 014 014 014 014 014 014 014 014 014 014 016 014 014 014 016 016 016 016 016 016 016 016 016 016 016 016 016 016 016 016 016 016 016 016 016 016 016 016 016 016 016 016 016 016 016 016 016 016 016 016 016 016 016 016 016 016 016 016 016 016 016 016 016 016 016 016 016 016 016 016 016 016 015 015 015 015 015 015 015 015 015 015 015 015 015 015 015 015 015 015 014 014 014 014 014 014 014 014 014 014 014 
07                             017 016 016 016 014 014 014 014 014 014 014 014 014 014 016 014 014 014 016 016 016 016 016 016 016 016 016 016 016 016 016 016 016 016 016 016 016 016 016 016 016 016 016 016 016 016 016 016 016 016 016 016 016 016 016 016 016 016 016 016 016 016 016 016 016 016 016 016 016 016 016 016 016 016 016 016 015 015 015 015 015 015 015 015 015 015 015 015 015 015 015 015 015 015 014 014 014 014 014 014 014 014 014 014 014 
08                                 017 016 016 014 014 014 014 014 014 014 014 014 014 016 014 014 014 016 016 016 016 016 016 016 016 016 016 016 016 016 016 016 016 016 016 016 016 016 016 016 016 016 016 016 016 016 016 016 016 016 016 016 016 016 016 016 016 016 016 016 016 016 016 016 016 016 016 016 016 016 016 016 016 016 016 015 015 015 015 015 015 015 015 015 015 015 015 015 015 015 015 015 015 014 014 014 014 014 014 014 014 014 014 014 
09                                     017 017 014 014 014 014 014 014 014 014 014 014 016 014 014 014 016 016 016 016 016 016 016 016 016 016 016 016 016 016 016 016 016 016 016 016 016 016 016 016 016 016 016 016 016 016 016 016 016 016 016 016 016 016 016 016 016 016 016 016 016 016 016 016 016 016 016 016 016 016 016 016 016 016 015 015 015 015 015 015 015 015 015 015 015 015 015 015 015 015 015 015 014 014 014 014 014 014 014 014 014 014 014 
10                                         017 014 014 014 014 014 014 014 014 014 014 016 014 014 014 016 016 016 016 016 016 016 016 016 016 016 016 016 016 016 016 016 016 016 016 016 016 016 016 016 016 016 016 016 016 016 016 016 016 016 016 016 016 016 016 016 016 016 016 016 016 016 016 016 016 016 016 016 016 016 016 016 016 015 015 015 015 015 015 015 015 015 015 015 015 015 015 015 015 015 015 014 014 014 014 014 014 014 014 014 014 014 
11                                             047 047 047 047 047 047 047 046 046 046 014 046 046 046 014 014 014 014 014 014 014 014 014 014 014 014 014 014 014 014 014 014 014 014 014 014 014 014 014 014 014 014 014 014 014 014 014 014 014 014 014 014 014 014 014 014 015 015 014 014 015 015 015 015 037 037 039 039 039 037 039 040 041 041 041 041 041 042 042 042 042 042 042 042 042 042 042 043 043 043 044 045 045 045 045 045 045 045 046 047 047 
12                                                 047 047 047 047 047 047 046 046 046 014 046 046 046 014 014 014 014 014 014 014 014 014 014 014 014 014 014 014 014 014 014 014 014 014 014 014 014 014 014 014 014 014 014 014 014 014 014 014 014 014 014 014 014 014 014 015 015 014 014 015 015 015 015 037 037 039 039 039 037 039 040 041 041 041 041 041 042 042 042 042 042 042 042 042 042 042 043 043 043 044 045 045 045 045 045 045 045 046 047 047 
13                                                     047 047 047 047 047 046 046 046 014 046 046 046 014 014 014 014 014 014 014 014 014 014 014 014 014 014 014 014 014 014 014 014 014 014 014 014 014 014 014 014 014 014 014 014 014 014 014 014 014 014 014 014 014 014 015 015 014 014 015 015 015 015 037 037 039 039 039 037 039 040 041 041 041 041 041 042 042 042 042 042 042 042 042 042 042 043 043 043 044 045 045 045 045 045 045 045 046 047 047 
14                                                         047 047 047 047 046 046 046 014 046 046 046 014 014 014 014 014 014 014 014 014 014 014 014 014 014 014 014 014 014 014 014 014 014 014 014 014 014 014 014 014 014 014 014 014 014 014 014 014 014 014 014 014 014 015 015 014 014 015 015 015 015 037 037 039 039 039 037 039 040 041 041 041 041 041 042 042 042 042 042 042 042 042 042 042 043 043 043 044 045 045 045 045 045 045 045 046 047 047 
15                                                             047 047 047 046 046 046 014 046 046 046 014 014 014 014 014 014 014 014 014 014 014 014 014 014 014 014 014 014 014 014 014 014 014 014 014 014 014 014 014 014 014 014 014 014 014 014 014 014 014 014 014 014 015 015 014 014 015 015 015 015 037 037 039 039 039 037 039 040 041 041 041 041 041 042 042 042 042 042 042 042 042 042 042 043 043 043 044 045 045 045 045 045 045 045 046 047 047 
16                                                                 047 047 046 046 046 014 046 046 046 014 014 014 014 014 014 014 014 014 014 014 014 014 014 014 014 014 014 014 014 014 014 014 014 014 014 014 014 014 014 014 014 014 014 014 014 014 014 014 014 014 014 015 015 014 014 015 015 015 015 037 037 039 039 039 037 039 040 041 041 041 041 041 042 042 042 042 042 042 042 042 042 042 043 043 043 044 045 045 045 045 045 045 045 046 047 047 
17                                                                     047 046 046 046 014 046 046 046 014 014 014 014 014 014 014 014 014 014 014 014 014 014 014 014 014 014 014 014 014 014 014 014 014 014 014 014 014 014 014 014 014 014 014 014 014 014 014 014 014 014 015 015 014 014 015 015 015 015 037 037 039 039 039 037 039 040 041 041 041 041 041 042 042 042 042 042 042 042 042 042 042 043 043 043 044 045 045 045 045 045 045 045 046 047 047 
18                                                                         047 047 047 014 047 047 047 014 014 014 014 014 014 014 014 014 014 014 014 014 014 014 014 014 014 014 014 014 014 014 014 014 014 014 014 014 014 014 014 014 014 014 014 014 014 014 014 014 014 015 015 014 014 015 015 015 015 037 037 039 039 039 037 039 040 041 041 041 041 041 042 042 042 042 042 042 042 042 042 042 043 043 043 044 045 045 045 045 045 045 045 046 046 046 
19                                                                             047 047 014 047 047 047 014 014 014 014 014 014 014 014 014 014 014 014 014 014 014 014 014 014 014 014 014 014 014 014 014 014 014 014 014 014 014 014 014 014 014 014 014 014 014 014 014 014 015 015 014 014 015 015 015 015 037 037 039 039 039 037 039 040 041 041 041 041 041 042 042 042 042 042 042 042 042 042 042 043 043 043 044 045 045 045 045 045 045 045 046 046 046 
20                                                                                 047 014 047 047 047 014 014 014 014 014 014 014 014 014 014 014 014 014 014 014 014 014 014 014 014 014 014 014 014 014 014 014 014 014 014 014 014 014 014 014 014 014 014 014 014 014 014 015 015 014 014 015 015 015 015 037 037 039 039 039 037 039 040 041 041 041 041 041 042 042 042 042 042 042 042 042 042 042 043 043 043 044 045 045 045 045 045 045 045 046 046 046 
21                                                                                     017 014 014 014 017 016 016 016 016 016 016 016 016 016 016 016 016 016 016 016 016 016 016 016 016 016 016 016 016 016 016 016 016 016 016 016 016 016 016 016 016 016 016 016 016 016 016 016 017 017 016 016 016 016 016 016 016 016 016 016 016 016 015 015 015 015 015 015 015 015 015 015 015 015 015 015 015 015 015 015 014 014 014 014 014 014 014 014 014 014 014 
22                                                                                         047 047 047 014 014 014 014 014 014 014 014 014 014 014 014 014 014 014 014 014 014 014 014 014 014 014 014 014 014 014 014 014 014 014 014 014 014 014 014 014 014 014 014 014 014 015 015 014 014 015 015 015 015 037 037 039 039 039 037 039 040 041 041 041 041 041 042 042 042 042 042 042 042 042 042 042 043 043 043 044 045 045 045 045 045 045 045 046 046 046 
23                                                                                             047 047 014 014 014 014 014 014 014 014 014 014 014 014 014 014 014 014 014 014 014 014 014 014 014 014 014 014 014 014 014 014 014 014 014 014 014 014 014 014 014 014 014 014 015 015 014 014 015 015 015 015 037 037 039 039 039 037 039 040 041 041 041 041 041 042 042 042 042 042 042 042 042 042 042 043 043 043 044 045 045 045 045 045 045 045 046 046 046 
24                                                                                                 047 014 014 014 014 014 014 014 014 014 014 014 014 014 014 014 014 014 014 014 014 014 014 014 014 014 014 014 014 014 014 014 014 014 014 014 014 014 014 014 014 014 014 015 015 014 014 015 015 015 015 037 037 039 039 039 037 039 040 041 041 041 041 041 042 042 042 042 042 042 042 042 042 042 043 043 043 044 045 045 045 045 045 045 045 046 046 046 
25                                                                                                     017 016 016 016 016 016 016 016 016 016 016 016 016 016 016 016 016 016 016 016 016 016 016 016 016 016 016 016 016 016 016 016 016 016 016 016 016 016 016 016 016 016 016 016 017 017 016 016 016 016 016 016 016 016 016 016 016 016 015 015 015 015 015 015 015 015 015 015 015 015 015 015 015 015 015 015 014 014 014 014 014 014 014 014 014 014 014 
26                                                                                                         017 017 017 016 016 016 016 016 016 016 016 016 016 016 016 016 016 016 016 016 016 016 016 016 016 016 016 016 016 016 016 016 016 016 016 016 016 016 016 016 016 016 016 016 016 016 016 016 016 016 016 016 016 016 016 016 016 015 015 015 015 015 015 015 015 015 015 015 015 015 015 015 015 015 015 014 014 014 014 014 014 014 014 014 014 014 
27                                                                                                             017 017 016 016 016 016 016 016 016 016 016 016 016 016 016 016 016 016 016 016 016 016 016 016 016 016 016 016 016 016 016 016 016 016 016 016 016 016 016 016 016 016 016 016 016 016 016 016 016 016 016 016 016 016 016 016 015 015 015 015 015 015 015 015 015 015 015 015 015 015 015 015 015 015 014 014 014 014 014 014 014 014 014 014 014 
28                                                                                                                 017 016 016 016 016 016 016 016 016 016 016 016 016 016 016 016 016 016 016 016 016 016 016 016 016 016 016 016 016 016 016 016 016 016 016 016 016 016 016 016 016 016 016 016 016 016 016 016 016 016 016 016 016 016 016 015 015 015 015 015 015 015 015 015 015 015 015 015 015 015 015 015 015 014 014 014 014 014 014 014 014 014 014 014 
29                                                                                                                     017 017 017 017 017 016 016 016 016 016 016 016 016 016 016 016 016 016 016 016 016 016 016 016 016 016 016 016 016 016 016 016 016 016 016 016 016 016 016 016 016 016 016 016 016 016 016 016 016 016 016 016 016 016 015 015 015 015 015 015 015 015 015 015 015 015 015 015 015 015 015 015 014 014 014 014 014 014 014 014 014 014 014 
30                                                                                                                         017 017 017 017 016 016 016 016 016 016 016 016 016 016 016 016 016 016 016 016 016 016 016 016 016 016 016 016 016 016 016 016 016 016 016 016 016 016 016 016 016 016 016 016 016 016 016 016 016 016 016 016 016 015 015 015 015 015 015 015 015 015 015 015 015 015 015 015 015 015 015 014 014 014 014 014 014 014 014 014 014 014 
31                                                                                                                             017 017 017 016 016 016 016 016 016 016 016 016 016 016 016 016 016 016 016 016 016 016 016 016 016 016 016 016 016 016 016 016 016 016 016 016 016 016 016 016 016 016 016 016 016 016 016 016 016 016 016 016 015 015 015 015 015 015 015 015 015 015 015 015 015 015 015 015 015 015 014 014 014 014 014 014 014 014 014 014 014 
32                                                                                                                                 017 017 016 016 016 016 016 016 016 016 016 016 016 016 016 016 016 016 016 016 016 016 016 016 016 016 016 016 016 016 016 016 016 016 016 016 016 016 016 016 016 016 016 016 016 016 016 016 016 016 016 015 015 015 015 015 015 015 015 015 015 015 015 015 015 015 015 015 015 014 014 014 014 014 014 014 014 014 014 014 
33                                                                                                                                     017 016 016 016 016 016 016 016 016 016 016 016 016 016 016 016 016 016 016 016 016 016 016 016 016 016 016 016 016 016 016 016 016 016 016 016 016 016 016 016 016 016 016 016 016 016 016 016 016 016 015 015 015 015 015 015 015 015 015 015 015 015 015 015 015 015 015 015 014 014 014 014 014 014 014 014 014 014 014 
34                                                                                                                                         017 016 016 016 016 016 016 016 016 016 016 016 016 016 016 016 016 016 016 016 016 016 016 016 016 016 016 016 016 016 016 016 016 016 016 016 016 016 016 016 016 016 016 016 016 016 016 016 016 015 015 015 015 015 015 015 015 015 015 015 015 015 015 015 015 015 015 014 014 014 014 014 014 014 014 014 014 014 
35                                                                                                                                             017 017 016 016 016 016 016 016 016 016 016 016 016 016 016 016 016 016 016 016 016 016 016 016 016 016 016 016 016 016 016 016 016 016 016 016 016 016 016 016 016 016 016 016 016 016 016 016 015 015 015 015 015 015 015 015 015 015 015 015 015 015 015 015 015 015 014 014 014 014 014 014 014 014 014 014 014 
36                                                                                                                                                 017 016 016 016 016 016 016 016 016 016 016 016 016 016 016 016 016 016 016 016 016 016 016 016 016 016 016 016 016 016 016 016 016 016 016 016 016 016 016 016 016 016 016 016 016 016 016 015 015 015 015 015 015 015 015 015 015 015 015 015 015 015 015 015 015 014 014 014 014 014 014 014 014 014 014 014 
37                                                                                                                                                     017 017 017 017 017 016 016 016 016 016 016 016 016 016 016 016 016 016 016 016 016 016 016 016 016 016 016 016 016 016 016 016 016 016 016 016 016 016 016 016 016 016 016 016 016 016 015 015 015 015 015 015 015 015 015 015 015 015 015 015 015 015 015 015 014 014 014 014 014 014 014 014 014 014 014 
38                                                                                                                                                         017 017 017 017 016 016 016 016 016 016 016 016 016 016 016 016 016 016 016 016 016 016 016 016 016 016 016 016 016 016 016 016 016 016 016 016 016 016 016 016 016 016 016 016 016 015 015 015 015 015 015 015 015 015 015 015 015 015 015 015 015 015 015 014 014 014 014 014 014 014 014 014 014 014 
39                                                                                                                                                             017 017 017 016 016 016 016 016 016 016 016 016 016 016 016 016 016 016 016 016 016 016 016 016 016 016 016 016 016 016 016 016 016 016 016 016 016 016 016 016 016 016 016 016 015 015 015 015 015 015 015 015 015 015 015 015 015 015 015 015 015 015 014 014 014 014 014 014 014 014 014 014 014 
40                                                                                                                                                                 017 017 016 016 016 016 016 016 016 016 016 016 016 016 016 016 016 016 016 016 016 016 016 016 016 016 016 016 016 016 016 016 016 016 016 016 016 016 016 016 016 016 016 015 015 015 015 015 015 015 015 015 015 015 015 015 015 015 015 015 015 014 014 014 014 014 014 014 014 014 014 014 
41                                                                                                                                                                     017 016 016 016 016 016 016 016 016 016 016 016 016 016 016 016 016 016 016 016 016 016 016 016 016 016 016 016 016 016 016 016 016 016 016 016 016 016 016 016 016 016 015 015 015 015 015 015 015 015 015 015 015 015 015 015 015 015 015 015 014 014 014 014 014 014 014 014 014 014 014 
42                                                                                                                                                                         017 017 017 017 017 017 017 016 017 017 016 016 017 017 017 016 016 017 017 017 017 017 017 017 017 016 016 016 016 016 016 016 016 016 016 016 016 016 016 016 016 015 015 015 015 015 015 015 015 015 015 015 015 015 015 015 015 015 015 014 014 014 014 014 014 014 014 014 014 014 
43                                                                                                                                                                             017 017 017 017 017 017 016 017 017 016 016 017 017 017 016 016 017 017 017 017 017 017 017 017 016 016 016 016 016 016 016 016 016 016 016 016 016 016 016 016 015 015 015 015 015 015 015 015 015 015 015 015 015 015 015 015 015 015 014 014 014 014 014 014 014 014 014 014 014 
44                                                                                                                                                                                 017 017 017 017 017 016 017 017 016 016 017 017 017 016 016 017 017 017 017 017 017 017 017 016 016 016 016 016 016 016 016 016 016 016 016 016 016 016 016 015 015 015 015 015 015 015 015 015 015 015 015 015 015 015 015 015 015 014 014 014 014 014 014 014 014 014 014 014 
45                                                                                                                                                                                     017 017 017 017 016 017 017 016 016 017 017 017 016 016 017 017 017 017 017 017 017 017 016 016 016 016 016 016 016 016 016 016 016 016 016 016 016 016 015 015 015 015 015 015 015 015 015 015 015 015 015 015 015 015 015 015 014 014 014 014 014 014 014 014 014 014 014 
46                                                                                                                                                                                         017 017 017 016 017 017 016 016 017 017 017 016 016 017 017 017 017 017 017 017 017 016 016 016 016 016 016 016 016 016 016 016 016 016 016 016 016 015 015 015 015 015 015 015 015 015 015 015 015 015 015 015 015 015 015 014 014 014 014 014 014 014 014 014 014 014 
47                                                                                                                                                                                             017 017 016 017 017 016 016 017 017 017 016 016 017 017 017 017 017 017 017 017 016 016 016 016 016 016 016 016 016 016 016 016 016 016 016 016 015 015 015 015 015 015 015 015 015 015 015 015 015 015 015 015 015 015 014 014 014 014 014 014 014 014 014 014 014 
48                                                                                                                                                                                                 017 016 017 017 016 016 017 017 017 016 016 017 017 017 017 017 017 017 017 016 016 016 016 016 016 016 016 016 016 016 016 016 016 016 016 015 015 015 015 015 015 015 015 015 015 015 015 015 015 015 015 015 015 014 014 014 014 014 014 014 014 014 014 014 
49                                                                                                                                                                                                     017 016 016 016 016 016 016 016 017 017 016 016 016 016 016 016 016 016 016 016 016 016 016 016 016 016 016 016 016 016 016 016 016 016 015 015 015 015 015 015 015 015 015 015 015 015 015 015 015 015 015 015 014 014 014 014 014 014 014 014 014 014 014 
50                                                                                                                                                                                                         017 017 016 016 017 017 017 016 016 017 017 017 017 017 017 017 017 016 016 016 016 016 016 016 016 016 016 016 016 016 016 016 016 015 015 015 015 015 015 015 015 015 015 015 015 015 015 015 015 015 015 014 014 014 014 014 014 014 014 014 014 014 
51                                                                                                                                                                                                             017 016 016 017 017 017 016 016 017 017 017 017 017 017 017 017 016 016 016 016 016 016 016 016 016 016 016 016 016 016 016 016 015 015 015 015 015 015 015 015 015 015 015 015 015 015 015 015 015 015 014 014 014 014 014 014 014 014 014 014 014 
52                                                                                                                                                                                                                 017 016 016 016 016 016 016 016 016 016 016 016 016 016 016 016 016 016 016 016 016 016 016 016 016 016 016 016 016 016 016 015 015 015 015 015 015 015 015 015 015 015 015 015 015 015 015 015 015 014 014 014 014 014 014 014 014 014 014 014 
53                                                                                                                                                                                                                     017 016 016 016 016 016 016 016 016 016 016 016 016 016 016 016 016 016 016 016 016 016 016 016 016 016 016 016 016 016 015 015 015 015 015 015 015 015 015 015 015 015 015 015 015 015 015 015 014 014 014 014 014 014 014 014 014 014 014 
54                                                                                                                                                                                                                         017 017 017 016 016 017 017 017 017 017 017 017 017 016 016 016 016 016 016 016 016 016 016 016 016 016 016 016 016 015 015 015 015 015 015 015 015 015 015 015 015 015 015 015 015 015 015 014 014 014 014 014 014 014 014 014 014 014 
55                                                                                                                                                                                                                             017 017 016 016 017 017 017 017 017 017 017 017 016 016 016 016 016 016 016 016 016 016 016 016 016 016 016 016 015 015 015 015 015 015 015 015 015 015 015 015 015 015 015 015 015 015 014 014 014 014 014 014 014 014 014 014 014 
56                                                                                                                                                                                                                                 017 016 016 017 017 017 017 017 017 017 017 016 016 016 016 016 016 016 016 016 016 016 016 016 016 016 016 015 015 015 015 015 015 015 015 015 015 015 015 015 015 015 015 015 015 014 014 014 014 014 014 014 014 014 014 014 
57                                                                                                                                                                                                                                     017 017 016 016 016 016 016 016 016 016 016 016 016 016 016 016 016 016 016 016 016 016 016 016 016 016 015 015 015 015 015 015 015 015 015 015 015 015 015 015 015 015 015 015 014 014 014 014 014 014 014 014 014 014 014 
58                                                                                                                                                                                                                                         017 016 016 016 016 016 016 016 016 016 016 016 016 016 016 016 016 016 016 016 016 016 016 016 016 015 015 015 015 015 015 015 015 015 015 015 015 015 015 015 015 015 015 014 014 014 014 014 014 014 014 014 014 014 
59                                                                                                                                                                                                                                             017 017 017 017 017 017 017 017 016 016 016 016 016 016 016 016 016 016 016 016 016 016 016 016 015 015 015 015 015 015 015 015 015 015 015 015 015 015 015 015 015 015 014 014 014 014 014 014 014 014 014 014 014 
60                                                                                                                                                                                                                                                 017 017 017 017 017 017 017 016 016 016 016 016 016 016 016 016 016 016 016 016 016 016 016 015 015 015 015 015 015 015 015 015 015 015 015 015 015 015 015 015 015 014 014 014 014 014 014 014 014 014 014 014 
61                                                                                                                                                                                                                                                     017 017 017 017 017 017 016 016 016 016 016 016 016 016 016 016 016 016 016 016 016 016 015 015 015 015 015 015 015 015 015 015 015 015 015 015 015 015 015 015 014 014 014 014 014 014 014 014 014 014 014 
62                                                                                                                                                                                                                                                         017 017 017 017 017 016 016 016 016 016 016 016 016 016 016 016 016 016 016 016 016 015 015 015 015 015 015 015 015 015 015 015 015 015 015 015 015 015 015 014 014 014 014 014 014 014 014 014 014 014 
63                                                                                                                                                                                                                                                             017 017 017 017 016 016 016 016 016 016 016 016 016 016 016 016 016 016 016 016 015 015 015 015 015 015 015 015 015 015 015 015 015 015 015 015 015 015 014 014 014 014 014 014 014 014 014 014 014 
64                                                                                                                                                                                                                                                                 017 017 017 016 016 016 016 016 016 016 016 016 016 016 016 016 016 016 016 015 015 015 015 015 015 015 015 015 015 015 015 015 015 015 015 015 015 014 014 014 014 014 014 014 014 014 014 014 
65                                                                                                                                                                                                                                                                     017 017 016 016 016 016 016 016 016 016 016 016 016 016 016 016 016 016 015 015 015 015 015 015 015 015 015 015 015 015 015 015 015 015 015 015 014 014 014 014 014 014 014 014 014 014 014 
66                                                                                                                                                                                                                                                                         017 016 016 016 016 016 016 016 016 016 016 016 016 016 016 016 016 015 015 015 015 015 015 015 015 015 015 015 015 015 015 015 015 015 015 014 014 014 014 014 014 014 014 014 014 014 
67                                                                                                                                                                                                                                                                             017 017 016 016 017 017 017 017 017 017 017 017 017 017 017 017 016 016 016 016 016 016 016 016 016 016 016 016 016 016 016 016 016 016 015 015 015 015 015 015 015 015 015 015 015 
68                                                                                                                                                                                                                                                                                 017 016 016 017 017 017 017 017 017 017 017 017 017 017 017 016 016 016 016 016 016 016 016 016 016 016 016 016 016 016 016 016 016 015 015 015 015 015 015 015 015 015 015 015 
69                                                                                                                                                                                                                                                                                     017 017 016 016 016 016 016 016 016 016 016 016 016 016 015 015 015 015 015 015 015 015 015 015 015 015 015 015 015 015 015 015 014 014 014 014 014 014 014 014 014 014 014 
70                                                                                                                                                                                                                                                                                         017 016 016 016 016 016 016 016 016 016 016 016 016 015 015 015 015 015 015 015 015 015 015 015 015 015 015 015 015 015 015 014 014 014 014 014 014 014 014 014 014 014 
71                                                                                                                                                                                                                                                                                             017 017 017 017 017 017 017 017 017 017 017 017 016 016 016 016 016 016 016 016 016 016 016 016 016 016 016 016 016 016 015 015 015 015 015 015 015 015 015 015 015 
72                                                                                                                                                                                                                                                                                                 017 017 017 017 017 017 017 017 017 017 017 016 016 016 016 016 016 016 016 016 016 016 016 016 016 016 016 016 016 015 015 015 015 015 015 015 015 015 015 015 
73                                                                                                                                                                                                                                                                                                     017 017 017 017 017 017 017 017 017 017 016 016 016 016 016 016 016 016 016 016 016 016 016 016 016 016 016 016 015 015 015 015 015 015 015 015 015 015 015 
74                                                                                                                                                                                                                                                                                                         017 017 017 017 017 017 017 017 017 016 016 016 016 016 016 016 016 016 016 016 016 016 016 016 016 016 016 015 015 015 015 015 015 015 015 015 015 015 
75                                                                                                                                                                                                                                                                                                             040 040 039 039 039 040 039 039 038 038 038 038 038 038 038 038 038 038 038 038 038 038 038 038 038 038 037 037 037 037 037 037 037 037 037 037 037 
76                                                                                                                                                                                                                                                                                                                 040 039 039 039 040 039 039 038 038 038 038 038 038 038 038 038 038 038 038 038 038 038 038 038 038 037 037 037 037 037 037 037 037 037 037 037 
77                                                                                                                                                                                                                                                                                                                     043 042 041 039 041 041 040 040 040 040 040 040 040 040 040 040 040 040 040 040 040 040 040 040 039 039 039 039 039 039 039 039 039 039 039 
78                                                                                                                                                                                                                                                                                                                         043 042 039 042 041 040 040 040 040 040 040 040 040 040 040 040 040 040 040 040 040 040 040 039 039 039 039 039 039 039 039 039 039 039 
79                                                                                                                                                                                                                                                                                                                             043 039 043 042 041 041 040 040 040 040 040 040 040 040 040 040 040 040 040 040 040 040 039 039 039 039 039 039 039 039 039 039 039 
80                                                                                                                                                                                                                                                                                                                                 040 039 039 038 038 038 038 038 038 038 038 038 038 038 038 038 038 038 038 038 038 037 037 037 037 037 037 037 037 037 037 037 
81                                                                                                                                                                                                                                                                                                                                     043 042 041 041 040 040 040 040 040 040 040 040 040 040 040 040 040 040 040 040 039 039 039 039 039 039 039 039 039 039 039 
82                                                                                                                                                                                                                                                                                                                                         043 042 042 041 041 041 041 041 041 041 041 041 041 041 041 041 041 041 041 040 040 040 040 040 040 040 040 040 040 040 
83                                                                                                                                                                                                                                                                                                                                             044 044 043 043 043 043 043 043 043 043 043 043 043 043 043 043 043 043 041 041 041 041 041 041 041 041 041 041 041 
84                                                                                                                                                                                                                                                                                                                                                 044 043 043 043 043 043 043 043 043 043 043 043 043 043 043 043 043 041 041 041 041 041 041 041 041 041 041 041 
85                                                                                                                                                                                                                                                                                                                                                     044 044 044 044 044 044 044 044 043 043 043 043 043 043 043 043 041 041 041 041 041 041 041 041 041 041 041 
86                                                                                                                                                                                                                                                                                                                                                         044 044 044 044 044 044 044 043 043 043 043 043 043 043 043 041 041 041 041 041 041 041 041 041 041 041 
87                                                                                                                                                                                                                                                                                                                                                             044 044 044 044 044 044 043 043 043 043 043 043 043 043 041 041 041 041 041 041 041 041 041 041 041 
88                                                                                                                                                                                                                                                                                                                                                                 045 045 045 045 045 044 044 044 044 044 044 044 044 042 042 042 042 042 042 042 042 042 042 042 
89                                                                                                                                                                                                                                                                                                                                                                     045 045 045 045 044 044 044 044 044 044 044 044 042 042 042 042 042 042 042 042 042 042 042 
90                                                                                                                                                                                                                                                                                                                                                                         045 045 045 044 044 044 044 044 044 044 044 042 042 042 042 042 042 042 042 042 042 042 
91                                                                                                                                                                                                                                                                                                                                                                             045 045 044 044 044 044 044 044 044 044 042 042 042 042 042 042 042 042 042 042 042 
92                                                                                                                                                                                                                                                                                                                                                                                 045 044 044 044 044 044 044 044 044 042 042 042 042 042 042 042 042 042 042 042 
93                                                                                                                                                                                                                                                                                                                                                                                     045 044 044 044 044 044 044 044 042 042 042 042 042 042 042 042 042 042 042 
94                                                                                                                                                                                                                                                                                                                                                                                         045 045 045 045 045 045 044 042 042 042 042 042 042 042 042 042 042 042 
95                                                                                                                                                                                                                                                                                                                                                                                             045 045 045 045 045 044 042 042 042 042 042 042 042 042 042 042 042 
96                                                                                                                                                                                                                                                                                                                                                                                                 045 045 045 045 044 042 042 042 042 042 042 042 042 042 042 042 
97                                                                                                                                                                                                                                                                                                                                                                                                     045 045 045 044 042 042 042 042 042 042 042 042 042 042 042 
98                                                                                                                                                                                                                                                                                                                                                                                                         046 046 045 043 043 043 043 043 043 043 043 043 043 043 
99                                                                                                                                                                                                                                                                                                                                                                                                             046 045 043 043 043 043 043 043 043 043 043 043 043 
100                                                                                                                                                                                                                                                                                                                                                                                                                 046 043 043 043 043 043 043 043 043 043 043 043 
101                                                                                                                                                                                                                                                                                                                                                                                                                     046 045 045 045 045 045 045 045 045 044 044 
102                                                                                                                                                                                                                                                                                                                                                                                                                         046 046 046 046 046 046 046 046 045 045 
103                                                                                                                                                                                                                                                                                                                                                                                                                             047 047 047 047 047 047 046 045 045 
104                                                                                                                                                                                                                                                                                                                                                                                                                                 047 047 047 047 047 046 045 045 
105                                                                                                                                                                                                                                                                                                                                                                                                                                     047 047 047 047 046 045 045 
106                                                                                                                                                                                                                                                                                                                                                                                                                                         047 047 047 046 045 045 
107                                                                                                                                                                                                                                                                                                                                                                                                                                             047 047 046 045 045 
108                                                                                                                                                                                                                                                                                                                                                                                                                                                 047 046 045 045 
109                                                                                                                                                                                                                                                                                                                                                                                                                                                     047 046 046 
110                                                                                                                                                                                                                                                                                                                                                                                                                                                         047 047 
111                                                                                                                                                                                                                                                                                                                                                                                                                                                             047 
112                                                                                                                                                                                                                                                                                                                                                                                                                                                                 
