   01  02  03  04  05  06  07  08  09  10  11  12  13  14  15  16  17  18  19  20  21  22  23  24  25  26  27  28  29  30  31  32  33  34  35  36  37  38  39  40  41  42  43  44  45  46  47  48  49  50  51  52  53  54  55  56  57  58  59  60  61  62  63  
01     131 131 131 131 131 131 131 131 131 131 131 131 131 131 131 131 131 131 130 130 128 125 124 124 123 123 121 121 121 121 121 121 121 121 121 121 121 121 119 119 118 118 117 115 114 111 109 109 108 107 106 105 104 104 103 102 101 100 099 099 098 097 
02         138 138 137 137 137 137 137 137 137 137 137 137 137 137 137 137 137 136 136 134 131 130 130 129 129 127 127 127 127 127 127 127 127 127 127 127 127 125 125 124 124 123 121 120 117 115 115 114 113 112 111 110 110 109 108 107 106 105 105 104 103 
03             139 138 138 138 138 138 138 138 138 138 138 138 138 138 138 138 137 137 135 132 131 131 130 130 128 128 128 128 128 128 128 128 128 128 128 128 126 126 125 125 124 122 121 118 116 116 115 114 113 112 111 111 110 109 108 107 106 106 105 104 
04                 140 140 140 140 140 140 140 140 140 140 140 140 140 140 140 139 139 137 134 133 133 132 132 130 130 130 130 130 130 130 130 130 130 130 130 128 128 127 127 126 124 123 120 118 118 117 116 115 114 113 113 112 111 110 109 108 108 107 106 
05                     141 141 141 141 141 141 141 141 141 141 141 141 141 141 140 140 138 135 134 134 133 133 131 131 131 131 131 131 131 131 131 131 131 131 129 129 128 128 127 125 124 121 119 119 118 117 116 115 114 114 113 112 111 110 109 109 108 107 
06                         143 143 143 143 143 143 143 143 143 143 143 143 143 142 142 140 137 136 136 135 135 133 133 133 133 133 133 133 133 133 133 133 133 131 131 130 130 129 127 126 123 121 121 120 119 118 117 116 116 115 114 113 112 111 111 110 109 
07                             144 144 144 144 144 144 144 144 144 144 144 144 143 143 141 138 137 137 136 136 134 134 134 134 134 134 134 134 134 134 134 134 132 132 131 131 130 128 127 124 122 122 121 120 119 118 117 117 116 115 114 113 112 112 111 110 
08                                 145 145 145 145 145 145 145 145 145 145 145 144 144 142 139 138 138 137 137 135 135 135 135 135 135 135 135 135 135 135 135 133 133 132 132 131 129 128 125 123 123 122 121 120 119 118 118 117 116 115 114 113 113 112 111 
09                                     145 145 145 145 145 145 145 145 145 145 144 144 142 139 138 138 137 137 135 135 135 135 135 135 135 135 135 135 135 135 133 133 132 132 131 129 128 125 123 123 122 121 120 119 118 118 117 116 115 114 113 113 112 111 
10                                         146 146 146 146 146 146 146 146 146 145 145 143 140 139 139 138 138 136 136 136 136 136 136 136 136 136 136 136 136 134 134 133 133 132 130 129 126 124 124 123 122 121 120 119 119 118 117 116 115 114 114 113 112 
11                                             149 149 149 149 149 149 149 149 148 148 146 143 142 142 141 141 139 139 139 139 139 139 139 139 139 139 139 139 137 137 136 136 135 133 132 129 127 127 126 125 124 123 122 122 121 120 119 118 117 117 116 115 
12                                                 150 150 150 150 150 150 150 149 149 147 144 143 143 142 142 140 140 140 140 140 140 140 140 140 140 140 140 138 138 137 137 136 134 133 130 128 128 127 126 125 124 123 123 122 121 120 119 118 118 117 116 
13                                                     150 150 150 150 150 150 149 149 147 144 143 143 142 142 140 140 140 140 140 140 140 140 140 140 140 140 138 138 137 137 136 134 133 130 128 128 127 126 125 124 123 123 122 121 120 119 118 118 117 116 
14                                                         150 150 150 150 150 149 149 147 144 143 143 142 142 140 140 140 140 140 140 140 140 140 140 140 140 138 138 137 137 136 134 133 130 128 128 127 126 125 124 123 123 122 121 120 119 118 118 117 116 
15                                                             150 150 150 150 149 149 147 144 143 143 142 142 140 140 140 140 140 140 140 140 140 140 140 140 138 138 137 137 136 134 133 130 128 128 127 126 125 124 123 123 122 121 120 119 118 118 117 116 
16                                                                 151 151 151 150 150 148 145 144 144 143 143 141 141 141 141 141 141 141 141 141 141 141 141 139 139 138 138 137 135 134 131 129 129 128 127 126 125 124 124 123 122 121 120 119 119 118 117 
17                                                                     151 151 150 150 148 145 144 144 143 143 141 141 141 141 141 141 141 141 141 141 141 141 139 139 138 138 137 135 134 131 129 129 128 127 126 125 124 124 123 122 121 120 119 119 118 117 
18                                                                         151 150 150 148 145 144 144 143 143 141 141 141 141 141 141 141 141 141 141 141 141 139 139 138 138 137 135 134 131 129 129 128 127 126 125 124 124 123 122 121 120 119 119 118 117 
19                                                                             151 151 149 146 145 145 144 144 142 142 142 142 142 142 142 142 142 142 142 142 140 140 139 139 138 136 135 132 130 130 129 128 127 126 125 125 124 123 122 121 120 120 119 118 
20                                                                                 153 151 148 147 147 146 146 144 144 144 144 144 144 144 144 144 144 144 144 142 142 141 141 140 138 137 134 132 132 131 130 129 128 127 127 126 125 124 123 122 122 121 120 
21                                                                                     153 150 149 149 148 148 146 146 146 146 146 146 146 146 146 146 146 146 144 144 143 143 142 140 139 136 134 134 133 132 131 130 129 129 128 127 126 125 124 124 123 122 
22                                                                                         154 153 153 152 152 150 150 150 150 150 150 150 150 150 150 150 150 148 148 147 147 146 144 143 140 138 138 137 136 135 134 133 133 132 131 130 129 128 128 127 126 
23                                                                                             154 154 153 153 151 151 151 151 151 151 151 151 151 151 151 151 149 149 148 148 147 145 144 141 139 139 138 137 136 135 134 134 133 132 131 130 129 129 128 127 
24                                                                                                 155 154 154 152 152 152 152 152 152 152 152 152 152 152 152 150 150 149 149 148 146 145 142 140 140 139 138 137 136 135 135 134 133 132 131 130 130 129 128 
25                                                                                                     155 155 153 153 153 153 153 153 153 153 153 153 153 153 151 151 150 150 149 147 146 143 141 141 140 139 138 137 136 136 135 134 133 132 131 131 130 129 
26                                                                                                         155 153 153 153 153 153 153 153 153 153 153 153 153 151 151 150 150 149 147 146 143 141 141 140 139 138 137 136 136 135 134 133 132 131 131 130 129 
27                                                                                                             155 155 155 155 155 155 155 155 155 155 155 155 153 153 152 152 151 149 148 145 143 143 142 141 140 139 138 138 137 136 135 134 133 133 132 131 
28                                                                                                                 156 156 156 156 156 156 156 156 156 156 156 154 154 153 153 152 150 149 146 144 144 143 142 141 140 139 139 138 137 136 135 134 134 133 132 
29                                                                                                                     157 157 157 157 157 157 157 157 157 157 155 155 154 154 153 151 150 147 145 145 144 143 142 141 140 140 139 138 137 136 135 135 134 133 
30                                                                                                                         161 161 161 161 161 161 161 161 161 159 159 158 158 157 155 154 151 149 149 148 147 146 145 144 144 143 142 141 140 139 139 138 137 
31                                                                                                                             162 162 162 162 162 162 162 162 160 160 159 159 158 156 155 152 150 150 149 148 147 146 145 145 144 143 142 141 140 140 139 138 
32                                                                                                                                 163 163 163 163 163 163 163 161 161 160 160 159 157 156 153 151 151 150 149 148 147 146 146 145 144 143 142 141 141 140 139 
33                                                                                                                                     166 166 166 166 166 166 164 164 163 163 162 160 159 156 154 154 153 152 151 150 149 149 148 147 146 145 144 144 143 142 
34                                                                                                                                         166 166 166 166 166 164 164 163 163 162 160 159 156 154 154 153 152 151 150 149 149 148 147 146 145 144 144 143 142 
35                                                                                                                                             167 167 167 167 165 165 164 164 163 161 160 157 155 155 154 153 152 151 150 150 149 148 147 146 145 145 144 143 
36                                                                                                                                                 168 168 168 166 166 165 165 164 162 161 158 156 156 155 154 153 152 151 151 150 149 148 147 146 146 145 144 
37                                                                                                                                                     168 168 166 166 165 165 164 162 161 158 156 156 155 154 153 152 151 151 150 149 148 147 146 146 145 144 
38                                                                                                                                                         169 167 167 166 166 165 163 162 159 157 157 156 155 154 153 152 152 151 150 149 148 147 147 146 145 
39                                                                                                                                                             170 170 169 169 168 166 165 162 160 160 159 158 157 156 155 155 154 153 152 151 150 150 149 148 
40                                                                                                                                                                 170 169 169 168 166 165 162 160 160 159 158 157 156 155 155 154 153 152 151 150 150 149 148 
41                                                                                                                                                                     170 170 169 167 166 163 161 161 160 159 158 157 156 156 155 154 153 152 151 151 150 149 
42                                                                                                                                                                         170 169 167 166 163 161 161 160 159 158 157 156 156 155 154 153 152 151 151 150 149 
43                                                                                                                                                                             170 168 167 164 162 162 161 160 159 158 157 157 156 155 154 153 152 152 151 150 
44                                                                                                                                                                                 170 169 166 164 164 163 162 161 160 159 159 158 157 156 155 154 154 153 152 
45                                                                                                                                                                                     170 167 165 165 164 163 162 161 160 160 159 158 157 156 155 155 154 153 
46                                                                                                                                                                                         170 168 168 167 166 165 164 163 163 162 161 160 159 158 158 157 156 
47                                                                                                                                                                                             170 170 169 168 167 166 165 165 164 163 162 161 160 160 159 158 
48                                                                                                                                                                                                 170 169 168 167 166 165 165 164 163 162 161 160 160 159 158 
49                                                                                                                                                                                                     170 169 168 167 166 166 165 164 163 162 161 161 160 159 
50                                                                                                                                                                                                         170 169 168 167 167 166 165 164 163 162 162 161 160 
51                                                                                                                                                                                                             170 169 168 168 167 166 165 164 163 163 162 161 
52                                                                                                                                                                                                                 170 169 169 168 167 166 165 164 164 163 162 
53                                                                                                                                                                                                                     170 170 169 168 167 166 165 165 164 163 
54                                                                                                                                                                                                                         170 169 168 167 166 165 165 164 163 
55                                                                                                                                                                                                                             170 169 168 167 166 166 165 164 
56                                                                                                                                                                                                                                 170 169 168 167 167 166 165 
57                                                                                                                                                                                                                                     170 169 168 168 167 166 
58                                                                                                                                                                                                                                         170 169 169 168 167 
59                                                                                                                                                                                                                                             170 170 169 168 
60                                                                                                                                                                                                                                                 170 169 168 
61                                                                                                                                                                                                                                                     170 169 
62                                                                                                                                                                                                                                                         170 
63                                                                                                                                                                                                                                                             
