   01  02  03  04  05  06  07  08  09  10  11  12  
01     134 134 134 134 134 134 134 134 134 134 133 
02         134 134 134 134 134 134 134 134 134 133 
03             136 136 136 136 136 136 136 136 135 
04                 141 141 141 141 141 141 141 140 
05                     141 141 141 141 141 141 140 
06                         141 141 141 141 141 140 
07                             141 141 141 141 140 
08                                 141 141 141 140 
09                                     141 141 140 
10                                         142 141 
11                                             142 
12                                                 
