   01  02  03  04  05  06  07  08  09  10  11  12  13  14  15  16  17  18  19  20  21  22  23  24  25  26  27  28  29  30  31  32  33  34  35  36  37  38  39  40  41  42  43  44  45  46  47  48  49  50  51  52  53  54  55  56  57  58  59  60  61  62  63  64  65  66  67  68  69  70  71  72  73  74  75  76  77  78  79  80  81  82  83  84  85  86  87  88  89  90  91  92  93  94  95  96  97  98  99  100  101  102  103  104  105  106  107  108  109  110  111  112  
01     129 129 126 126 126 126 126 126 126 126 089 086 086 083 083 083 083 083 083 083 126 083 083 083 126 126 126 126 126 126 126 126 126 126 126 126 126 126 126 126 126 126 126 126 126 126 126 126 126 126 126 126 126 126 126 126 126 126 126 126 126 126 126 126 126 126 126 126 126 126 125 125 124 124 124 124 124 124 124 124 124 124 122 122 122 120 120 118 117 117 117 117 116 115 102 102 102 100 100 100 093 093 093 093 093 092 092 092 090 090 090 
02         131 128 128 128 128 128 128 128 128 091 088 088 085 085 085 085 085 085 085 128 085 085 085 128 128 128 128 128 128 128 128 128 128 128 128 128 128 128 128 128 128 128 128 128 128 128 128 128 128 128 128 128 128 128 128 128 128 128 128 128 128 128 128 128 128 128 128 128 128 127 127 126 126 126 126 126 126 126 126 126 126 124 124 124 122 122 120 119 119 119 119 118 117 104 104 104 102 102 102 095 095 095 095 095 094 094 094 092 092 092 
03             176 176 176 176 176 176 176 176 138 135 135 132 132 132 132 132 132 132 176 132 132 132 176 176 176 176 176 176 176 176 176 176 176 176 176 176 176 176 176 176 176 176 176 176 176 176 175 176 176 176 176 176 176 176 175 175 176 176 176 176 176 176 176 176 176 176 176 176 175 175 174 174 174 174 174 174 174 174 174 173 171 171 171 169 169 167 166 166 166 166 165 164 151 151 151 149 149 149 142 142 142 142 142 141 141 141 139 139 139 
04                 176 176 176 176 176 176 176 138 135 135 132 132 132 132 132 132 132 176 132 132 132 176 176 176 176 176 176 176 176 176 176 176 176 176 176 176 176 176 176 176 176 176 176 176 176 175 176 176 176 176 176 176 176 175 175 176 176 176 176 176 176 176 176 176 176 176 176 175 175 174 174 174 174 174 174 174 174 174 173 171 171 171 169 169 167 166 166 166 166 165 164 151 151 151 149 149 149 142 142 142 142 142 141 141 141 139 139 139 
05                     176 176 176 176 176 176 138 135 135 132 132 132 132 132 132 132 176 132 132 132 176 176 176 176 176 176 176 176 176 176 176 176 176 176 176 176 176 176 176 176 176 176 176 176 175 176 176 176 176 176 176 176 175 175 176 176 176 176 176 176 176 176 176 176 176 176 175 175 174 174 174 174 174 174 174 174 174 173 171 171 171 169 169 167 166 166 166 166 165 164 151 151 151 149 149 149 142 142 142 142 142 141 141 141 139 139 139 
06                         176 176 176 176 176 138 135 135 132 132 132 132 132 132 132 176 132 132 132 176 176 176 176 176 176 176 176 176 176 176 176 176 176 176 176 176 176 176 176 176 176 176 176 175 176 176 176 176 176 176 176 175 175 176 176 176 176 176 176 176 176 176 176 176 176 175 175 174 174 174 174 174 174 174 174 174 173 171 171 171 169 169 167 166 166 166 166 165 164 151 151 151 149 149 149 142 142 142 142 142 141 141 141 139 139 139 
07                             176 176 176 176 138 135 135 132 132 132 132 132 132 132 176 132 132 132 176 176 176 176 176 176 176 176 176 176 176 176 176 176 176 176 176 176 176 176 176 176 176 176 175 176 176 176 176 176 176 176 175 175 176 176 176 176 176 176 176 176 176 176 176 176 175 175 174 174 174 174 174 174 174 174 174 173 171 171 171 169 169 167 166 166 166 166 165 164 151 151 151 149 149 149 142 142 142 142 142 141 141 141 139 139 139 
08                                 176 176 176 138 135 135 132 132 132 132 132 132 132 176 132 132 132 176 176 176 176 176 176 176 176 176 176 176 176 176 176 176 176 176 176 176 176 176 176 176 176 175 176 176 176 176 176 176 176 175 175 176 176 176 176 176 176 176 176 176 176 176 176 175 175 174 174 174 174 174 174 174 174 174 173 171 171 171 169 169 167 166 166 166 166 165 164 151 151 151 149 149 149 142 142 142 142 142 141 141 141 139 139 139 
09                                     176 176 138 135 135 132 132 132 132 132 132 132 176 132 132 132 176 176 176 176 176 176 176 176 176 176 176 176 176 176 176 176 176 176 176 176 176 176 176 176 175 176 176 176 176 176 176 176 175 175 176 176 176 176 176 176 176 176 176 176 176 176 175 175 174 174 174 174 174 174 174 174 174 173 171 171 171 169 169 167 166 166 166 166 165 164 151 151 151 149 149 149 142 142 142 142 142 141 141 141 139 139 139 
10                                         176 138 135 135 132 132 132 132 132 132 132 176 132 132 132 176 176 176 176 176 176 176 176 176 176 176 176 176 176 176 176 176 176 176 176 176 176 176 176 175 176 176 176 176 176 176 176 175 175 176 176 176 176 176 176 176 176 176 176 176 176 175 175 174 174 174 174 174 174 174 174 174 173 171 171 171 169 169 167 166 166 166 166 165 164 151 151 151 149 149 149 142 142 142 142 142 141 141 141 139 139 139 
11                                             210 207 207 204 204 204 204 204 204 204 138 204 204 204 138 138 138 138 138 138 138 138 138 138 138 138 138 138 138 138 138 138 138 138 138 138 138 138 137 138 138 138 138 138 138 138 137 137 138 138 138 138 138 138 138 138 138 138 138 138 139 139 140 140 152 152 152 152 152 152 152 157 162 163 164 166 166 168 169 170 170 170 171 172 187 187 187 189 189 190 200 201 202 204 204 205 205 205 207 207 208 
12                                                 210 210 206 206 206 206 206 206 206 135 206 206 206 135 135 135 135 135 135 135 135 135 135 135 135 135 135 135 135 135 135 135 135 135 135 135 135 134 135 135 135 135 135 135 135 134 134 135 135 135 135 135 135 135 135 135 135 135 135 136 136 137 137 149 149 149 149 149 149 149 154 159 160 161 163 163 165 166 167 167 167 168 169 184 184 184 186 186 187 197 198 199 201 201 202 202 202 204 204 205 
13                                                     211 207 207 207 207 207 207 207 135 207 207 207 135 135 135 135 135 135 135 135 135 135 135 135 135 135 135 135 135 135 135 135 135 135 135 135 134 135 135 135 135 135 135 135 134 134 135 135 135 135 135 135 135 135 135 135 135 135 136 136 137 137 149 149 149 149 149 149 149 154 159 160 161 163 163 165 166 167 167 167 168 169 184 184 184 186 186 187 197 198 199 201 201 202 202 202 204 204 205 
14                                                         211 211 211 211 211 211 211 132 211 211 211 132 132 132 132 132 132 132 132 132 132 132 132 132 132 132 132 132 132 132 132 132 132 132 132 131 132 132 132 132 132 132 132 131 131 132 132 132 132 132 132 132 132 132 132 132 132 133 133 134 134 146 146 146 146 146 146 146 151 156 157 158 160 160 162 163 164 164 164 165 166 181 181 181 183 183 184 194 195 196 198 198 199 199 199 201 201 202 
15                                                             211 211 211 211 211 211 132 211 211 211 132 132 132 132 132 132 132 132 132 132 132 132 132 132 132 132 132 132 132 132 132 132 132 132 131 132 132 132 132 132 132 132 131 131 132 132 132 132 132 132 132 132 132 132 132 132 133 133 134 134 146 146 146 146 146 146 146 151 156 157 158 160 160 162 163 164 164 164 165 166 181 181 181 183 183 184 194 195 196 198 198 199 199 199 201 201 202 
16                                                                 211 211 211 211 211 132 211 211 211 132 132 132 132 132 132 132 132 132 132 132 132 132 132 132 132 132 132 132 132 132 132 132 132 131 132 132 132 132 132 132 132 131 131 132 132 132 132 132 132 132 132 132 132 132 132 133 133 134 134 146 146 146 146 146 146 146 151 156 157 158 160 160 162 163 164 164 164 165 166 181 181 181 183 183 184 194 195 196 198 198 199 199 199 201 201 202 
17                                                                     213 213 213 213 132 213 213 213 132 132 132 132 132 132 132 132 132 132 132 132 132 132 132 132 132 132 132 132 132 132 132 132 131 132 132 132 132 132 132 132 131 131 132 132 132 132 132 132 132 132 132 132 132 132 133 133 134 134 146 146 146 146 146 146 146 151 156 157 158 160 160 162 163 164 164 164 165 166 181 181 181 183 183 184 194 195 196 198 198 199 199 199 201 201 202 
18                                                                         214 214 214 132 214 214 214 132 132 132 132 132 132 132 132 132 132 132 132 132 132 132 132 132 132 132 132 132 132 132 132 131 132 132 132 132 132 132 132 131 131 132 132 132 132 132 132 132 132 132 132 132 132 133 133 134 134 146 146 146 146 146 146 146 151 156 157 158 160 160 162 163 164 164 164 165 166 181 181 181 183 183 184 194 195 196 198 198 199 199 199 201 201 202 
19                                                                             214 214 132 214 214 214 132 132 132 132 132 132 132 132 132 132 132 132 132 132 132 132 132 132 132 132 132 132 132 132 131 132 132 132 132 132 132 132 131 131 132 132 132 132 132 132 132 132 132 132 132 132 133 133 134 134 146 146 146 146 146 146 146 151 156 157 158 160 160 162 163 164 164 164 165 166 181 181 181 183 183 184 194 195 196 198 198 199 199 199 201 201 202 
20                                                                                 214 132 214 214 214 132 132 132 132 132 132 132 132 132 132 132 132 132 132 132 132 132 132 132 132 132 132 132 132 131 132 132 132 132 132 132 132 131 131 132 132 132 132 132 132 132 132 132 132 132 132 133 133 134 134 146 146 146 146 146 146 146 151 156 157 158 160 160 162 163 164 164 164 165 166 181 181 181 183 183 184 194 195 196 198 198 199 199 199 201 201 202 
21                                                                                     176 132 132 132 176 176 176 176 176 176 176 176 176 176 176 176 176 176 176 176 176 176 176 176 176 176 176 176 175 176 176 176 176 176 176 176 175 175 176 176 176 176 176 176 176 176 176 176 176 176 175 175 174 174 174 174 174 174 174 174 174 173 171 171 171 169 169 167 166 166 166 166 165 164 151 151 151 149 149 149 142 142 142 142 142 141 141 141 139 139 139 
22                                                                                         214 214 214 132 132 132 132 132 132 132 132 132 132 132 132 132 132 132 132 132 132 132 132 132 132 132 132 131 132 132 132 132 132 132 132 131 131 132 132 132 132 132 132 132 132 132 132 132 132 133 133 134 134 146 146 146 146 146 146 146 151 156 157 158 160 160 162 163 164 164 164 165 166 181 181 181 183 183 184 194 195 196 198 198 199 199 199 201 201 202 
23                                                                                             214 214 132 132 132 132 132 132 132 132 132 132 132 132 132 132 132 132 132 132 132 132 132 132 132 132 131 132 132 132 132 132 132 132 131 131 132 132 132 132 132 132 132 132 132 132 132 132 133 133 134 134 146 146 146 146 146 146 146 151 156 157 158 160 160 162 163 164 164 164 165 166 181 181 181 183 183 184 194 195 196 198 198 199 199 199 201 201 202 
24                                                                                                 214 132 132 132 132 132 132 132 132 132 132 132 132 132 132 132 132 132 132 132 132 132 132 132 132 131 132 132 132 132 132 132 132 131 131 132 132 132 132 132 132 132 132 132 132 132 132 133 133 134 134 146 146 146 146 146 146 146 151 156 157 158 160 160 162 163 164 164 164 165 166 181 181 181 183 183 184 194 195 196 198 198 199 199 199 201 201 202 
25                                                                                                     176 176 176 176 176 176 176 176 176 176 176 176 176 176 176 176 176 176 176 176 176 176 176 176 175 176 176 176 176 176 176 176 175 175 176 176 176 176 176 176 176 176 176 176 176 176 175 175 174 174 174 174 174 174 174 174 174 173 171 171 171 169 169 167 166 166 166 166 165 164 151 151 151 149 149 149 142 142 142 142 142 141 141 141 139 139 139 
26                                                                                                         176 176 176 176 176 176 176 176 176 176 176 176 176 176 176 176 176 176 176 176 176 176 176 175 176 176 176 176 176 176 176 175 175 176 176 176 176 176 176 176 176 176 176 176 176 175 175 174 174 174 174 174 174 174 174 174 173 171 171 171 169 169 167 166 166 166 166 165 164 151 151 151 149 149 149 142 142 142 142 142 141 141 141 139 139 139 
27                                                                                                             176 176 176 176 176 176 176 176 176 176 176 176 176 176 176 176 176 176 176 176 176 176 175 176 176 176 176 176 176 176 175 175 176 176 176 176 176 176 176 176 176 176 176 176 175 175 174 174 174 174 174 174 174 174 174 173 171 171 171 169 169 167 166 166 166 166 165 164 151 151 151 149 149 149 142 142 142 142 142 141 141 141 139 139 139 
28                                                                                                                 176 176 176 176 176 176 176 176 176 176 176 176 176 176 176 176 176 176 176 176 176 175 176 176 176 176 176 176 176 175 175 176 176 176 176 176 176 176 176 176 176 176 176 175 175 174 174 174 174 174 174 174 174 174 173 171 171 171 169 169 167 166 166 166 166 165 164 151 151 151 149 149 149 142 142 142 142 142 141 141 141 139 139 139 
29                                                                                                                     176 176 176 176 176 176 176 176 176 176 176 176 176 176 176 176 176 176 176 176 175 176 176 176 176 176 176 176 175 175 176 176 176 176 176 176 176 176 176 176 176 176 175 175 174 174 174 174 174 174 174 174 174 173 171 171 171 169 169 167 166 166 166 166 165 164 151 151 151 149 149 149 142 142 142 142 142 141 141 141 139 139 139 
30                                                                                                                         176 176 176 176 176 176 176 176 176 176 176 176 176 176 176 176 176 176 176 175 176 176 176 176 176 176 176 175 175 176 176 176 176 176 176 176 176 176 176 176 176 175 175 174 174 174 174 174 174 174 174 174 173 171 171 171 169 169 167 166 166 166 166 165 164 151 151 151 149 149 149 142 142 142 142 142 141 141 141 139 139 139 
31                                                                                                                             176 176 176 176 176 176 176 176 176 176 176 176 176 176 176 176 176 176 175 176 176 176 176 176 176 176 175 175 176 176 176 176 176 176 176 176 176 176 176 176 175 175 174 174 174 174 174 174 174 174 174 173 171 171 171 169 169 167 166 166 166 166 165 164 151 151 151 149 149 149 142 142 142 142 142 141 141 141 139 139 139 
32                                                                                                                                 176 176 176 176 176 176 176 176 176 176 176 176 176 176 176 176 176 175 176 176 176 176 176 176 176 175 175 176 176 176 176 176 176 176 176 176 176 176 176 175 175 174 174 174 174 174 174 174 174 174 173 171 171 171 169 169 167 166 166 166 166 165 164 151 151 151 149 149 149 142 142 142 142 142 141 141 141 139 139 139 
33                                                                                                                                     176 176 176 176 176 176 176 176 176 176 176 176 176 176 176 176 175 176 176 176 176 176 176 176 175 175 176 176 176 176 176 176 176 176 176 176 176 176 175 175 174 174 174 174 174 174 174 174 174 173 171 171 171 169 169 167 166 166 166 166 165 164 151 151 151 149 149 149 142 142 142 142 142 141 141 141 139 139 139 
34                                                                                                                                         176 176 176 176 176 176 176 176 176 176 176 176 176 176 176 175 176 176 176 176 176 176 176 175 175 176 176 176 176 176 176 176 176 176 176 176 176 175 175 174 174 174 174 174 174 174 174 174 173 171 171 171 169 169 167 166 166 166 166 165 164 151 151 151 149 149 149 142 142 142 142 142 141 141 141 139 139 139 
35                                                                                                                                             176 176 176 176 176 176 176 176 176 176 176 176 176 176 175 176 176 176 176 176 176 176 175 175 176 176 176 176 176 176 176 176 176 176 176 176 175 175 174 174 174 174 174 174 174 174 174 173 171 171 171 169 169 167 166 166 166 166 165 164 151 151 151 149 149 149 142 142 142 142 142 141 141 141 139 139 139 
36                                                                                                                                                 176 176 176 176 176 176 176 176 176 176 176 176 176 175 176 176 176 176 176 176 176 175 175 176 176 176 176 176 176 176 176 176 176 176 176 175 175 174 174 174 174 174 174 174 174 174 173 171 171 171 169 169 167 166 166 166 166 165 164 151 151 151 149 149 149 142 142 142 142 142 141 141 141 139 139 139 
37                                                                                                                                                     176 176 176 176 176 176 176 176 176 176 176 176 175 176 176 176 176 176 176 176 175 175 176 176 176 176 176 176 176 176 176 176 176 176 175 175 174 174 174 174 174 174 174 174 174 173 171 171 171 169 169 167 166 166 166 166 165 164 151 151 151 149 149 149 142 142 142 142 142 141 141 141 139 139 139 
38                                                                                                                                                         176 176 176 176 176 176 176 176 176 176 176 175 176 176 176 176 176 176 176 175 175 176 176 176 176 176 176 176 176 176 176 176 176 175 175 174 174 174 174 174 174 174 174 174 173 171 171 171 169 169 167 166 166 166 166 165 164 151 151 151 149 149 149 142 142 142 142 142 141 141 141 139 139 139 
39                                                                                                                                                             176 176 176 176 176 176 176 176 176 176 175 176 176 176 176 176 176 176 175 175 176 176 176 176 176 176 176 176 176 176 176 176 175 175 174 174 174 174 174 174 174 174 174 173 171 171 171 169 169 167 166 166 166 166 165 164 151 151 151 149 149 149 142 142 142 142 142 141 141 141 139 139 139 
40                                                                                                                                                                 176 176 176 176 176 176 176 176 176 175 176 176 176 176 176 176 176 175 175 176 176 176 176 176 176 176 176 176 176 176 176 175 175 174 174 174 174 174 174 174 174 174 173 171 171 171 169 169 167 166 166 166 166 165 164 151 151 151 149 149 149 142 142 142 142 142 141 141 141 139 139 139 
41                                                                                                                                                                     176 176 176 176 176 176 176 176 175 176 176 176 176 176 176 176 175 175 176 176 176 176 176 176 176 176 176 176 176 176 175 175 174 174 174 174 174 174 174 174 174 173 171 171 171 169 169 167 166 166 166 166 165 164 151 151 151 149 149 149 142 142 142 142 142 141 141 141 139 139 139 
42                                                                                                                                                                         176 176 176 176 176 176 176 175 176 176 176 176 176 176 176 175 175 176 176 176 176 176 176 176 176 176 176 176 176 175 175 174 174 174 174 174 174 174 174 174 173 171 171 171 169 169 167 166 166 166 166 165 164 151 151 151 149 149 149 142 142 142 142 142 141 141 141 139 139 139 
43                                                                                                                                                                             176 176 176 176 176 176 175 176 176 176 176 176 176 176 175 175 176 176 176 176 176 176 176 176 176 176 176 176 175 175 174 174 174 174 174 174 174 174 174 173 171 171 171 169 169 167 166 166 166 166 165 164 151 151 151 149 149 149 142 142 142 142 142 141 141 141 139 139 139 
44                                                                                                                                                                                 176 176 176 176 176 175 176 176 176 176 176 176 176 175 175 176 176 176 176 176 176 176 176 176 176 176 176 175 175 174 174 174 174 174 174 174 174 174 173 171 171 171 169 169 167 166 166 166 166 165 164 151 151 151 149 149 149 142 142 142 142 142 141 141 141 139 139 139 
45                                                                                                                                                                                     176 176 176 176 175 176 176 176 176 176 176 176 175 175 176 176 176 176 176 176 176 176 176 176 176 176 175 175 174 174 174 174 174 174 174 174 174 173 171 171 171 169 169 167 166 166 166 166 165 164 151 151 151 149 149 149 142 142 142 142 142 141 141 141 139 139 139 
46                                                                                                                                                                                         176 176 176 175 176 176 176 176 176 176 176 175 175 176 176 176 176 176 176 176 176 176 176 176 176 175 175 174 174 174 174 174 174 174 174 174 173 171 171 171 169 169 167 166 166 166 166 165 164 151 151 151 149 149 149 142 142 142 142 142 141 141 141 139 139 139 
47                                                                                                                                                                                             176 176 175 176 176 176 176 176 176 176 175 175 176 176 176 176 176 176 176 176 176 176 176 176 175 175 174 174 174 174 174 174 174 174 174 173 171 171 171 169 169 167 166 166 166 166 165 164 151 151 151 149 149 149 142 142 142 142 142 141 141 141 139 139 139 
48                                                                                                                                                                                                 176 175 176 176 176 176 176 176 176 175 175 176 176 176 176 176 176 176 176 176 176 176 176 175 175 174 174 174 174 174 174 174 174 174 173 171 171 171 169 169 167 166 166 166 166 165 164 151 151 151 149 149 149 142 142 142 142 142 141 141 141 139 139 139 
49                                                                                                                                                                                                     176 175 175 175 175 175 175 175 176 176 175 175 175 175 175 175 175 175 175 175 175 175 174 174 173 173 173 173 173 173 173 173 173 172 170 170 170 168 168 166 165 165 165 165 164 163 150 150 150 148 148 148 141 141 141 141 141 140 140 140 138 138 138 
50                                                                                                                                                                                                         176 176 176 176 176 176 176 175 175 176 176 176 176 176 176 176 176 176 176 176 176 175 175 174 174 174 174 174 174 174 174 174 173 171 171 171 169 169 167 166 166 166 166 165 164 151 151 151 149 149 149 142 142 142 142 142 141 141 141 139 139 139 
51                                                                                                                                                                                                             176 176 176 176 176 176 175 175 176 176 176 176 176 176 176 176 176 176 176 176 175 175 174 174 174 174 174 174 174 174 174 173 171 171 171 169 169 167 166 166 166 166 165 164 151 151 151 149 149 149 142 142 142 142 142 141 141 141 139 139 139 
52                                                                                                                                                                                                                 176 176 176 176 176 175 175 176 176 176 176 176 176 176 176 176 176 176 176 175 175 174 174 174 174 174 174 174 174 174 173 171 171 171 169 169 167 166 166 166 166 165 164 151 151 151 149 149 149 142 142 142 142 142 141 141 141 139 139 139 
53                                                                                                                                                                                                                     176 176 176 176 175 175 176 176 176 176 176 176 176 176 176 176 176 176 175 175 174 174 174 174 174 174 174 174 174 173 171 171 171 169 169 167 166 166 166 166 165 164 151 151 151 149 149 149 142 142 142 142 142 141 141 141 139 139 139 
54                                                                                                                                                                                                                         176 176 176 175 175 176 176 176 176 176 176 176 176 176 176 176 176 175 175 174 174 174 174 174 174 174 174 174 173 171 171 171 169 169 167 166 166 166 166 165 164 151 151 151 149 149 149 142 142 142 142 142 141 141 141 139 139 139 
55                                                                                                                                                                                                                             176 176 175 175 176 176 176 176 176 176 176 176 176 176 176 176 175 175 174 174 174 174 174 174 174 174 174 173 171 171 171 169 169 167 166 166 166 166 165 164 151 151 151 149 149 149 142 142 142 142 142 141 141 141 139 139 139 
56                                                                                                                                                                                                                                 176 175 175 176 176 176 176 176 176 176 176 176 176 176 176 175 175 174 174 174 174 174 174 174 174 174 173 171 171 171 169 169 167 166 166 166 166 165 164 151 151 151 149 149 149 142 142 142 142 142 141 141 141 139 139 139 
57                                                                                                                                                                                                                                     176 176 175 175 175 175 175 175 175 175 175 175 175 175 174 174 173 173 173 173 173 173 173 173 173 172 170 170 170 168 168 166 165 165 165 165 164 163 150 150 150 148 148 148 141 141 141 141 141 140 140 140 138 138 138 
58                                                                                                                                                                                                                                         176 175 175 175 175 175 175 175 175 175 175 175 175 174 174 173 173 173 173 173 173 173 173 173 172 170 170 170 168 168 166 165 165 165 165 164 163 150 150 150 148 148 148 141 141 141 141 141 140 140 140 138 138 138 
59                                                                                                                                                                                                                                             176 176 176 176 176 176 176 176 176 176 176 176 175 175 174 174 174 174 174 174 174 174 174 173 171 171 171 169 169 167 166 166 166 166 165 164 151 151 151 149 149 149 142 142 142 142 142 141 141 141 139 139 139 
60                                                                                                                                                                                                                                                 176 176 176 176 176 176 176 176 176 176 176 175 175 174 174 174 174 174 174 174 174 174 173 171 171 171 169 169 167 166 166 166 166 165 164 151 151 151 149 149 149 142 142 142 142 142 141 141 141 139 139 139 
61                                                                                                                                                                                                                                                     176 176 176 176 176 176 176 176 176 176 175 175 174 174 174 174 174 174 174 174 174 173 171 171 171 169 169 167 166 166 166 166 165 164 151 151 151 149 149 149 142 142 142 142 142 141 141 141 139 139 139 
62                                                                                                                                                                                                                                                         176 176 176 176 176 176 176 176 176 175 175 174 174 174 174 174 174 174 174 174 173 171 171 171 169 169 167 166 166 166 166 165 164 151 151 151 149 149 149 142 142 142 142 142 141 141 141 139 139 139 
63                                                                                                                                                                                                                                                             176 176 176 176 176 176 176 176 175 175 174 174 174 174 174 174 174 174 174 173 171 171 171 169 169 167 166 166 166 166 165 164 151 151 151 149 149 149 142 142 142 142 142 141 141 141 139 139 139 
64                                                                                                                                                                                                                                                                 176 176 176 176 176 176 176 175 175 174 174 174 174 174 174 174 174 174 173 171 171 171 169 169 167 166 166 166 166 165 164 151 151 151 149 149 149 142 142 142 142 142 141 141 141 139 139 139 
65                                                                                                                                                                                                                                                                     176 176 176 176 176 176 175 175 174 174 174 174 174 174 174 174 174 173 171 171 171 169 169 167 166 166 166 166 165 164 151 151 151 149 149 149 142 142 142 142 142 141 141 141 139 139 139 
66                                                                                                                                                                                                                                                                         176 176 176 176 176 175 175 174 174 174 174 174 174 174 174 174 173 171 171 171 169 169 167 166 166 166 166 165 164 151 151 151 149 149 149 142 142 142 142 142 141 141 141 139 139 139 
67                                                                                                                                                                                                                                                                             176 176 176 176 175 175 174 174 174 174 174 174 174 174 174 173 171 171 171 169 169 167 166 166 166 166 165 164 151 151 151 149 149 149 142 142 142 142 142 141 141 141 139 139 139 
68                                                                                                                                                                                                                                                                                 176 176 176 175 175 174 174 174 174 174 174 174 174 174 173 171 171 171 169 169 167 166 166 166 166 165 164 151 151 151 149 149 149 142 142 142 142 142 141 141 141 139 139 139 
69                                                                                                                                                                                                                                                                                     176 176 175 175 174 174 174 174 174 174 174 174 174 173 171 171 171 169 169 167 166 166 166 166 165 164 151 151 151 149 149 149 142 142 142 142 142 141 141 141 139 139 139 
70                                                                                                                                                                                                                                                                                         176 175 175 174 174 174 174 174 174 174 174 174 173 171 171 171 169 169 167 166 166 166 166 165 164 151 151 151 149 149 149 142 142 142 142 142 141 141 141 139 139 139 
71                                                                                                                                                                                                                                                                                             176 176 175 175 175 175 175 175 175 175 175 174 172 172 172 170 170 168 167 167 167 167 166 165 152 152 152 150 150 150 143 143 143 143 143 142 142 142 140 140 140 
72                                                                                                                                                                                                                                                                                                 176 175 175 175 175 175 175 175 175 175 174 172 172 172 170 170 168 167 167 167 167 166 165 152 152 152 150 150 150 143 143 143 143 143 142 142 142 140 140 140 
73                                                                                                                                                                                                                                                                                                     176 176 176 176 176 176 176 176 176 175 173 173 173 171 171 169 168 168 168 168 167 166 153 153 153 151 151 151 144 144 144 144 144 143 143 143 141 141 141 
74                                                                                                                                                                                                                                                                                                         176 176 176 176 176 176 176 176 175 173 173 173 171 171 169 168 168 168 168 167 166 153 153 153 151 151 151 144 144 144 144 144 143 143 143 141 141 141 
75                                                                                                                                                                                                                                                                                                             188 188 188 188 188 188 188 187 185 185 185 183 183 181 180 180 180 180 179 178 165 165 165 163 163 163 156 156 156 156 156 155 155 155 153 153 153 
76                                                                                                                                                                                                                                                                                                                 188 188 188 188 188 188 187 185 185 185 183 183 181 180 180 180 180 179 178 165 165 165 163 163 163 156 156 156 156 156 155 155 155 153 153 153 
77                                                                                                                                                                                                                                                                                                                     188 188 188 188 188 187 185 185 185 183 183 181 180 180 180 180 179 178 165 165 165 163 163 163 156 156 156 156 156 155 155 155 153 153 153 
78                                                                                                                                                                                                                                                                                                                         188 188 188 188 187 185 185 185 183 183 181 180 180 180 180 179 178 165 165 165 163 163 163 156 156 156 156 156 155 155 155 153 153 153 
79                                                                                                                                                                                                                                                                                                                             188 188 188 187 185 185 185 183 183 181 180 180 180 180 179 178 165 165 165 163 163 163 156 156 156 156 156 155 155 155 153 153 153 
80                                                                                                                                                                                                                                                                                                                                 188 188 187 185 185 185 183 183 181 180 180 180 180 179 178 165 165 165 163 163 163 156 156 156 156 156 155 155 155 153 153 153 
81                                                                                                                                                                                                                                                                                                                                     188 187 185 185 185 183 183 181 180 180 180 180 179 178 165 165 165 163 163 163 156 156 156 156 156 155 155 155 153 153 153 
82                                                                                                                                                                                                                                                                                                                                         192 190 190 190 188 188 186 185 185 185 185 184 183 170 170 170 168 168 168 161 161 161 161 161 160 160 160 158 158 158 
83                                                                                                                                                                                                                                                                                                                                             195 195 195 193 193 191 190 190 190 190 189 188 175 175 175 173 173 173 166 166 166 166 166 165 165 165 163 163 163 
84                                                                                                                                                                                                                                                                                                                                                 196 196 194 194 192 191 191 191 191 190 189 176 176 176 174 174 174 167 167 167 167 167 166 166 166 164 164 164 
85                                                                                                                                                                                                                                                                                                                                                     197 195 195 193 192 192 192 192 191 190 177 177 177 175 175 175 168 168 168 168 168 167 167 167 165 165 165 
86                                                                                                                                                                                                                                                                                                                                                         197 197 195 194 194 194 194 193 192 179 179 179 177 177 177 170 170 170 170 170 169 169 169 167 167 167 
87                                                                                                                                                                                                                                                                                                                                                             197 195 194 194 194 194 193 192 179 179 179 177 177 177 170 170 170 170 170 169 169 169 167 167 167 
88                                                                                                                                                                                                                                                                                                                                                                 197 196 196 196 196 195 194 181 181 181 179 179 179 172 172 172 172 172 171 171 171 169 169 169 
89                                                                                                                                                                                                                                                                                                                                                                     197 197 197 197 196 195 182 182 182 180 180 180 173 173 173 173 173 172 172 172 170 170 170 
90                                                                                                                                                                                                                                                                                                                                                                         198 198 198 197 196 183 183 183 181 181 181 174 174 174 174 174 173 173 173 171 171 171 
91                                                                                                                                                                                                                                                                                                                                                                             198 198 197 196 183 183 183 181 181 181 174 174 174 174 174 173 173 173 171 171 171 
92                                                                                                                                                                                                                                                                                                                                                                                 198 197 196 183 183 183 181 181 181 174 174 174 174 174 173 173 173 171 171 171 
93                                                                                                                                                                                                                                                                                                                                                                                     198 197 184 184 184 182 182 182 175 175 175 175 175 174 174 174 172 172 172 
94                                                                                                                                                                                                                                                                                                                                                                                         198 185 185 185 183 183 183 176 176 176 176 176 175 175 175 173 173 173 
95                                                                                                                                                                                                                                                                                                                                                                                             200 200 200 198 198 198 191 191 191 191 191 190 190 190 188 188 188 
96                                                                                                                                                                                                                                                                                                                                                                                                 200 200 198 198 198 191 191 191 191 191 190 190 190 188 188 188 
97                                                                                                                                                                                                                                                                                                                                                                                                     200 198 198 198 191 191 191 191 191 190 190 190 188 188 188 
98                                                                                                                                                                                                                                                                                                                                                                                                         200 200 200 193 193 193 193 193 192 192 192 190 190 190 
99                                                                                                                                                                                                                                                                                                                                                                                                             200 200 193 193 193 193 193 192 192 192 190 190 190 
100                                                                                                                                                                                                                                                                                                                                                                                                                 201 194 194 194 194 194 193 193 193 191 191 191 
101                                                                                                                                                                                                                                                                                                                                                                                                                     204 204 204 204 204 203 203 203 201 201 201 
102                                                                                                                                                                                                                                                                                                                                                                                                                         205 205 205 205 204 204 204 202 202 202 
103                                                                                                                                                                                                                                                                                                                                                                                                                             206 206 206 205 205 205 203 203 203 
104                                                                                                                                                                                                                                                                                                                                                                                                                                 208 208 207 207 207 205 205 205 
105                                                                                                                                                                                                                                                                                                                                                                                                                                     208 207 207 207 205 205 205 
106                                                                                                                                                                                                                                                                                                                                                                                                                                         208 208 208 206 206 206 
107                                                                                                                                                                                                                                                                                                                                                                                                                                             208 208 206 206 206 
108                                                                                                                                                                                                                                                                                                                                                                                                                                                 208 206 206 206 
109                                                                                                                                                                                                                                                                                                                                                                                                                                                     208 208 208 
110                                                                                                                                                                                                                                                                                                                                                                                                                                                         208 208 
111                                                                                                                                                                                                                                                                                                                                                                                                                                                             209 
112                                                                                                                                                                                                                                                                                                                                                                                                                                                                 
