   01  02  03  04  05  06  07  08  09  10  11  12  13  14  15  16  17  18  19  20  21  22  23  24  25  26  27  28  29  30  31  32  33  34  35  36  37  38  39  40  41  42  43  44  45  46  47  48  49  50  51  52  53  54  55  56  57  58  59  60  61  62  63  64  65  66  67  68  69  70  71  72  73  74  75  76  77  78  79  80  81  82  83  84  85  86  87  88  89  90  91  92  93  94  95  96  97  98  99  100  101  102  103  104  105  106  107  108  109  110  111  112  113  114  115  116  117  118  119  120  121  122  123  124  125  126  127  128  129  130  131  132  133  134  135  136  137  138  139  140  141  142  143  144  145  
01     014 014 014 014 014 014 014 014 014 014 012 012 012 012 012 012 012 012 012 012 014 012 012 012 012 012 012 012 012 012 012 014 012 012 012 012 012 012 012 012 012 012 014 012 012 012 012 012 012 012 012 012 012 014 012 012 012 012 012 012 014 014 014 014 014 014 014 014 014 014 014 014 014 014 014 014 014 014 014 014 014 014 014 014 014 014 014 014 014 014 014 014 014 014 014 014 014 014 014 014 014 014 014 014 014 014 014 014 014 014 014 014 014 014 014 014 014 014 013 013 013 013 013 013 013 013 013 013 013 013 013 013 013 013 013 013 013 012 012 012 012 012 012 012 
02         014 014 014 014 014 014 014 014 014 012 012 012 012 012 012 012 012 012 012 014 012 012 012 012 012 012 012 012 012 012 014 012 012 012 012 012 012 012 012 012 012 014 012 012 012 012 012 012 012 012 012 012 014 012 012 012 012 012 012 014 014 014 014 014 014 014 014 014 014 014 014 014 014 014 014 014 014 014 014 014 014 014 014 014 014 014 014 014 014 014 014 014 014 014 014 014 014 014 014 014 014 014 014 014 014 014 014 014 014 014 014 014 014 014 014 014 014 013 013 013 013 013 013 013 013 013 013 013 013 013 013 013 013 013 013 013 012 012 012 012 012 012 012 
03             014 014 014 014 014 014 014 014 012 012 012 012 012 012 012 012 012 012 014 012 012 012 012 012 012 012 012 012 012 014 012 012 012 012 012 012 012 012 012 012 014 012 012 012 012 012 012 012 012 012 012 014 012 012 012 012 012 012 014 014 014 014 014 014 014 014 014 014 014 014 014 014 014 014 014 014 014 014 014 014 014 014 014 014 014 014 014 014 014 014 014 014 014 014 014 014 014 014 014 014 014 014 014 014 014 014 014 014 014 014 014 014 014 014 014 014 013 013 013 013 013 013 013 013 013 013 013 013 013 013 013 013 013 013 013 012 012 012 012 012 012 012 
04                 014 014 014 014 014 014 014 012 012 012 012 012 012 012 012 012 012 014 012 012 012 012 012 012 012 012 012 012 014 012 012 012 012 012 012 012 012 012 012 014 012 012 012 012 012 012 012 012 012 012 014 012 012 012 012 012 012 014 014 014 014 014 014 014 014 014 014 014 014 014 014 014 014 014 014 014 014 014 014 014 014 014 014 014 014 014 014 014 014 014 014 014 014 014 014 014 014 014 014 014 014 014 014 014 014 014 014 014 014 014 014 014 014 014 014 013 013 013 013 013 013 013 013 013 013 013 013 013 013 013 013 013 013 013 012 012 012 012 012 012 012 
05                     017 016 016 016 016 016 014 014 014 014 014 014 014 014 014 014 016 014 014 014 014 014 014 014 014 014 014 016 014 014 014 014 014 014 014 014 014 014 016 014 014 014 014 014 014 014 014 014 014 016 014 014 014 014 014 014 016 016 016 016 016 016 016 016 016 016 016 016 016 016 016 016 016 016 016 016 016 016 016 016 016 016 016 016 016 016 016 016 016 016 016 016 016 016 016 016 016 016 016 016 016 016 016 016 016 016 016 016 016 016 016 016 016 016 015 015 015 015 015 015 015 015 015 015 015 015 015 015 015 015 015 015 015 014 014 014 014 014 014 014 
06                         017 016 016 016 016 014 014 014 014 014 014 014 014 014 014 016 014 014 014 014 014 014 014 014 014 014 016 014 014 014 014 014 014 014 014 014 014 016 014 014 014 014 014 014 014 014 014 014 016 014 014 014 014 014 014 016 016 016 016 016 016 016 016 016 016 016 016 016 016 016 016 016 016 016 016 016 016 016 016 016 016 016 016 016 016 016 016 016 016 016 016 016 016 016 016 016 016 016 016 016 016 016 016 016 016 016 016 016 016 016 016 016 016 015 015 015 015 015 015 015 015 015 015 015 015 015 015 015 015 015 015 015 014 014 014 014 014 014 014 
07                             017 016 016 016 014 014 014 014 014 014 014 014 014 014 016 014 014 014 014 014 014 014 014 014 014 016 014 014 014 014 014 014 014 014 014 014 016 014 014 014 014 014 014 014 014 014 014 016 014 014 014 014 014 014 016 016 016 016 016 016 016 016 016 016 016 016 016 016 016 016 016 016 016 016 016 016 016 016 016 016 016 016 016 016 016 016 016 016 016 016 016 016 016 016 016 016 016 016 016 016 016 016 016 016 016 016 016 016 016 016 016 016 015 015 015 015 015 015 015 015 015 015 015 015 015 015 015 015 015 015 015 014 014 014 014 014 014 014 
08                                 017 016 016 014 014 014 014 014 014 014 014 014 014 016 014 014 014 014 014 014 014 014 014 014 016 014 014 014 014 014 014 014 014 014 014 016 014 014 014 014 014 014 014 014 014 014 016 014 014 014 014 014 014 016 016 016 016 016 016 016 016 016 016 016 016 016 016 016 016 016 016 016 016 016 016 016 016 016 016 016 016 016 016 016 016 016 016 016 016 016 016 016 016 016 016 016 016 016 016 016 016 016 016 016 016 016 016 016 016 016 016 015 015 015 015 015 015 015 015 015 015 015 015 015 015 015 015 015 015 015 014 014 014 014 014 014 014 
09                                     017 017 014 014 014 014 014 014 014 014 014 014 017 014 014 014 014 014 014 014 014 014 014 017 014 014 014 014 014 014 014 014 014 014 016 014 014 014 014 014 014 014 014 014 014 016 014 014 014 014 014 014 016 016 016 016 016 016 016 016 016 016 016 016 016 016 016 016 016 016 016 016 016 016 016 016 016 016 016 016 016 016 016 016 016 016 016 016 016 016 016 016 016 016 017 017 016 016 016 016 016 016 016 016 016 016 016 016 016 016 015 015 015 015 015 015 015 015 015 015 015 015 015 015 015 015 015 015 015 014 014 014 014 014 014 014 
10                                         017 014 014 014 014 014 014 014 014 014 014 017 014 014 014 014 014 014 014 014 014 014 017 014 014 014 014 014 014 014 014 014 014 016 014 014 014 014 014 014 014 014 014 014 016 014 014 014 014 014 014 016 016 016 016 016 016 016 016 016 016 016 016 016 016 016 016 016 016 016 016 016 016 016 016 016 016 016 016 016 016 016 016 016 016 016 016 016 016 016 016 016 016 017 017 016 016 016 016 016 016 016 016 016 016 016 016 016 016 015 015 015 015 015 015 015 015 015 015 015 015 015 015 015 015 015 015 015 014 014 014 014 014 014 014 
11                                             047 047 047 047 047 047 047 047 047 046 014 046 046 046 046 046 046 046 046 046 046 014 046 046 046 046 045 045 045 045 045 045 014 045 045 045 045 045 045 045 045 045 045 014 045 045 045 045 045 044 014 014 014 014 014 014 014 014 014 014 014 014 014 014 014 014 014 014 014 014 014 014 014 014 014 014 014 014 014 014 014 014 014 014 014 014 014 014 014 014 014 015 014 014 015 015 015 015 037 037 039 037 037 039 039 040 040 041 041 041 041 041 041 041 041 042 042 042 042 042 042 042 042 042 043 043 043 044 044 045 045 045 045 045 
12                                                 047 047 047 047 047 047 047 047 046 014 046 046 046 046 046 046 046 046 046 046 014 046 046 046 046 045 045 045 045 045 045 014 045 045 045 045 045 045 045 045 045 045 014 045 045 045 045 045 044 014 014 014 014 014 014 014 014 014 014 014 014 014 014 014 014 014 014 014 014 014 014 014 014 014 014 014 014 014 014 014 014 014 014 014 014 014 014 014 014 014 015 014 014 015 015 015 015 037 037 039 037 037 039 039 040 040 041 041 041 041 041 041 041 041 042 042 042 042 042 042 042 042 042 043 043 043 044 044 045 045 045 045 045 
13                                                     047 047 047 047 047 047 047 046 014 046 046 046 046 046 046 046 046 046 046 014 046 046 046 046 045 045 045 045 045 045 014 045 045 045 045 045 045 045 045 045 045 014 045 045 045 045 045 044 014 014 014 014 014 014 014 014 014 014 014 014 014 014 014 014 014 014 014 014 014 014 014 014 014 014 014 014 014 014 014 014 014 014 014 014 014 014 014 014 014 015 014 014 015 015 015 015 037 037 039 037 037 039 039 040 040 041 041 041 041 041 041 041 041 042 042 042 042 042 042 042 042 042 043 043 043 044 044 045 045 045 045 045 
14                                                         047 047 047 047 047 047 046 014 046 046 046 046 046 046 046 046 046 046 014 046 046 046 046 045 045 045 045 045 045 014 045 045 045 045 045 045 045 045 045 045 014 045 045 045 045 045 044 014 014 014 014 014 014 014 014 014 014 014 014 014 014 014 014 014 014 014 014 014 014 014 014 014 014 014 014 014 014 014 014 014 014 014 014 014 014 014 014 014 015 014 014 015 015 015 015 037 037 039 037 037 039 039 040 040 041 041 041 041 041 041 041 041 042 042 042 042 042 042 042 042 042 043 043 043 044 044 045 045 045 045 045 
15                                                             047 047 047 047 047 046 014 046 046 046 046 046 046 046 046 046 046 014 046 046 046 046 045 045 045 045 045 045 014 045 045 045 045 045 045 045 045 045 045 014 045 045 045 045 045 044 014 014 014 014 014 014 014 014 014 014 014 014 014 014 014 014 014 014 014 014 014 014 014 014 014 014 014 014 014 014 014 014 014 014 014 014 014 014 014 014 014 015 014 014 015 015 015 015 037 037 039 037 037 039 039 040 040 041 041 041 041 041 041 041 041 042 042 042 042 042 042 042 042 042 043 043 043 044 044 045 045 045 045 045 
16                                                                 047 047 047 047 046 014 046 046 046 046 046 046 046 046 046 046 014 046 046 046 046 045 045 045 045 045 045 014 045 045 045 045 045 045 045 045 045 045 014 045 045 045 045 045 044 014 014 014 014 014 014 014 014 014 014 014 014 014 014 014 014 014 014 014 014 014 014 014 014 014 014 014 014 014 014 014 014 014 014 014 014 014 014 014 014 014 015 014 014 015 015 015 015 037 037 039 037 037 039 039 040 040 041 041 041 041 041 041 041 041 042 042 042 042 042 042 042 042 042 043 043 043 044 044 045 045 045 045 045 
17                                                                     047 047 047 046 014 046 046 046 046 046 046 046 046 046 046 014 046 046 046 046 045 045 045 045 045 045 014 045 045 045 045 045 045 045 045 045 045 014 045 045 045 045 045 044 014 014 014 014 014 014 014 014 014 014 014 014 014 014 014 014 014 014 014 014 014 014 014 014 014 014 014 014 014 014 014 014 014 014 014 014 014 014 014 014 014 015 014 014 015 015 015 015 037 037 039 037 037 039 039 040 040 041 041 041 041 041 041 041 041 042 042 042 042 042 042 042 042 042 043 043 043 044 044 045 045 045 045 045 
18                                                                         047 047 046 014 046 046 046 046 046 046 046 046 046 046 014 046 046 046 046 045 045 045 045 045 045 014 045 045 045 045 045 045 045 045 045 045 014 045 045 045 045 045 044 014 014 014 014 014 014 014 014 014 014 014 014 014 014 014 014 014 014 014 014 014 014 014 014 014 014 014 014 014 014 014 014 014 014 014 014 014 014 014 014 014 015 014 014 015 015 015 015 037 037 039 037 037 039 039 040 040 041 041 041 041 041 041 041 041 042 042 042 042 042 042 042 042 042 043 043 043 044 044 045 045 045 045 045 
19                                                                             047 046 014 046 046 046 046 046 046 046 046 046 046 014 046 046 046 046 045 045 045 045 045 045 014 045 045 045 045 045 045 045 045 045 045 014 045 045 045 045 045 044 014 014 014 014 014 014 014 014 014 014 014 014 014 014 014 014 014 014 014 014 014 014 014 014 014 014 014 014 014 014 014 014 014 014 014 014 014 014 014 014 014 015 014 014 015 015 015 015 037 037 039 037 037 039 039 040 040 041 041 041 041 041 041 041 041 042 042 042 042 042 042 042 042 042 043 043 043 044 044 045 045 045 045 045 
20                                                                                 047 014 047 047 047 047 047 047 047 047 047 047 014 047 047 047 047 046 046 045 045 045 045 014 045 045 045 045 045 045 045 045 045 045 014 045 045 045 045 045 044 014 014 014 014 014 014 014 014 014 014 014 014 014 014 014 014 014 014 014 014 014 014 014 014 014 014 014 014 014 014 014 014 014 014 014 014 014 014 014 014 014 015 014 014 015 015 015 015 037 037 039 037 037 039 039 040 040 041 041 041 041 041 041 041 041 042 042 042 042 042 042 042 042 042 043 043 043 044 044 045 045 045 045 045 
21                                                                                     017 014 014 014 014 014 014 014 014 014 014 017 014 014 014 014 014 014 014 014 014 014 016 014 014 014 014 014 014 014 014 014 014 016 014 014 014 014 014 014 016 016 016 016 016 016 016 016 016 016 016 016 016 016 016 016 016 016 016 016 016 016 016 016 016 016 016 016 016 016 016 016 016 016 016 016 016 016 016 016 016 016 017 017 016 016 016 016 016 016 016 016 016 016 016 016 016 016 015 015 015 015 015 015 015 015 015 015 015 015 015 015 015 015 015 015 015 014 014 014 014 014 014 014 
22                                                                                         047 047 047 047 047 047 047 047 047 047 014 047 047 047 047 046 046 045 045 045 045 014 045 045 045 045 045 045 045 045 045 045 014 045 045 045 045 045 044 014 014 014 014 014 014 014 014 014 014 014 014 014 014 014 014 014 014 014 014 014 014 014 014 014 014 014 014 014 014 014 014 014 014 014 014 014 014 014 014 014 015 014 014 015 015 015 015 037 037 039 037 037 039 039 040 040 041 041 041 041 041 041 041 041 042 042 042 042 042 042 042 042 042 043 043 043 044 044 045 045 045 045 045 
23                                                                                             047 047 047 047 047 047 047 047 047 014 047 047 047 047 046 046 045 045 045 045 014 045 045 045 045 045 045 045 045 045 045 014 045 045 045 045 045 044 014 014 014 014 014 014 014 014 014 014 014 014 014 014 014 014 014 014 014 014 014 014 014 014 014 014 014 014 014 014 014 014 014 014 014 014 014 014 014 014 014 015 014 014 015 015 015 015 037 037 039 037 037 039 039 040 040 041 041 041 041 041 041 041 041 042 042 042 042 042 042 042 042 042 043 043 043 044 044 045 045 045 045 045 
24                                                                                                 047 047 047 047 047 047 047 047 014 047 047 047 047 046 046 045 045 045 045 014 045 045 045 045 045 045 045 045 045 045 014 045 045 045 045 045 044 014 014 014 014 014 014 014 014 014 014 014 014 014 014 014 014 014 014 014 014 014 014 014 014 014 014 014 014 014 014 014 014 014 014 014 014 014 014 014 014 014 015 014 014 015 015 015 015 037 037 039 037 037 039 039 040 040 041 041 041 041 041 041 041 041 042 042 042 042 042 042 042 042 042 043 043 043 044 044 045 045 045 045 045 
25                                                                                                     047 047 047 047 047 047 047 014 047 047 047 047 046 046 045 045 045 045 014 045 045 045 045 045 045 045 045 045 045 014 045 045 045 045 045 044 014 014 014 014 014 014 014 014 014 014 014 014 014 014 014 014 014 014 014 014 014 014 014 014 014 014 014 014 014 014 014 014 014 014 014 014 014 014 014 014 014 015 014 014 015 015 015 015 037 037 039 037 037 039 039 040 040 041 041 041 041 041 041 041 041 042 042 042 042 042 042 042 042 042 043 043 043 044 044 045 045 045 045 045 
26                                                                                                         047 047 047 047 047 047 014 047 047 047 047 046 046 045 045 045 045 014 045 045 045 045 045 045 045 045 045 045 014 045 045 045 045 045 044 014 014 014 014 014 014 014 014 014 014 014 014 014 014 014 014 014 014 014 014 014 014 014 014 014 014 014 014 014 014 014 014 014 014 014 014 014 014 014 014 014 015 014 014 015 015 015 015 037 037 039 037 037 039 039 040 040 041 041 041 041 041 041 041 041 042 042 042 042 042 042 042 042 042 043 043 043 044 044 045 045 045 045 045 
27                                                                                                             047 047 047 047 047 014 047 047 047 047 046 046 045 045 045 045 014 045 045 045 045 045 045 045 045 045 045 014 045 045 045 045 045 044 014 014 014 014 014 014 014 014 014 014 014 014 014 014 014 014 014 014 014 014 014 014 014 014 014 014 014 014 014 014 014 014 014 014 014 014 014 014 014 014 014 015 014 014 015 015 015 015 037 037 039 037 037 039 039 040 040 041 041 041 041 041 041 041 041 042 042 042 042 042 042 042 042 042 043 043 043 044 044 045 045 045 045 045 
28                                                                                                                 047 047 047 047 014 047 047 047 047 046 046 045 045 045 045 014 045 045 045 045 045 045 045 045 045 045 014 045 045 045 045 045 044 014 014 014 014 014 014 014 014 014 014 014 014 014 014 014 014 014 014 014 014 014 014 014 014 014 014 014 014 014 014 014 014 014 014 014 014 014 014 014 014 014 015 014 014 015 015 015 015 037 037 039 037 037 039 039 040 040 041 041 041 041 041 041 041 041 042 042 042 042 042 042 042 042 042 043 043 043 044 044 045 045 045 045 045 
29                                                                                                                     047 047 047 014 047 047 047 047 046 046 045 045 045 045 014 045 045 045 045 045 045 045 045 045 045 014 045 045 045 045 045 044 014 014 014 014 014 014 014 014 014 014 014 014 014 014 014 014 014 014 014 014 014 014 014 014 014 014 014 014 014 014 014 014 014 014 014 014 014 014 014 014 014 015 014 014 015 015 015 015 037 037 039 037 037 039 039 040 040 041 041 041 041 041 041 041 041 042 042 042 042 042 042 042 042 042 043 043 043 044 044 045 045 045 045 045 
30                                                                                                                         047 047 014 047 047 047 047 046 046 045 045 045 045 014 045 045 045 045 045 045 045 045 045 045 014 045 045 045 045 045 044 014 014 014 014 014 014 014 014 014 014 014 014 014 014 014 014 014 014 014 014 014 014 014 014 014 014 014 014 014 014 014 014 014 014 014 014 014 014 014 014 014 015 014 014 015 015 015 015 037 037 039 037 037 039 039 040 040 041 041 041 041 041 041 041 041 042 042 042 042 042 042 042 042 042 043 043 043 044 044 045 045 045 045 045 
31                                                                                                                             047 014 047 047 047 047 046 046 045 045 045 045 014 045 045 045 045 045 045 045 045 045 045 014 045 045 045 045 045 044 014 014 014 014 014 014 014 014 014 014 014 014 014 014 014 014 014 014 014 014 014 014 014 014 014 014 014 014 014 014 014 014 014 014 014 014 014 014 014 014 014 015 014 014 015 015 015 015 037 037 039 037 037 039 039 040 040 041 041 041 041 041 041 041 041 042 042 042 042 042 042 042 042 042 043 043 043 044 044 045 045 045 045 045 
32                                                                                                                                 017 014 014 014 014 014 014 014 014 014 014 016 014 014 014 014 014 014 014 014 014 014 016 014 014 014 014 014 014 016 016 016 016 016 016 016 016 016 016 016 016 016 016 016 016 016 016 016 016 016 016 016 016 016 016 016 016 016 016 016 016 016 016 016 016 016 016 016 016 016 016 017 017 016 016 016 016 016 016 016 016 016 016 016 016 016 016 015 015 015 015 015 015 015 015 015 015 015 015 015 015 015 015 015 015 015 014 014 014 014 014 014 014 
33                                                                                                                                     047 047 047 047 046 046 045 045 045 045 014 045 045 045 045 045 045 045 045 045 045 014 045 045 045 045 045 044 014 014 014 014 014 014 014 014 014 014 014 014 014 014 014 014 014 014 014 014 014 014 014 014 014 014 014 014 014 014 014 014 014 014 014 014 014 014 014 014 014 015 014 014 015 015 015 015 037 037 039 037 037 039 039 040 040 041 041 041 041 041 041 041 041 042 042 042 042 042 042 042 042 042 043 043 043 044 044 045 045 045 045 045 
34                                                                                                                                         047 047 047 046 046 045 045 045 045 014 045 045 045 045 045 045 045 045 045 045 014 045 045 045 045 045 044 014 014 014 014 014 014 014 014 014 014 014 014 014 014 014 014 014 014 014 014 014 014 014 014 014 014 014 014 014 014 014 014 014 014 014 014 014 014 014 014 014 015 014 014 015 015 015 015 037 037 039 037 037 039 039 040 040 041 041 041 041 041 041 041 041 042 042 042 042 042 042 042 042 042 043 043 043 044 044 045 045 045 045 045 
35                                                                                                                                             047 047 046 046 045 045 045 045 014 045 045 045 045 045 045 045 045 045 045 014 045 045 045 045 045 044 014 014 014 014 014 014 014 014 014 014 014 014 014 014 014 014 014 014 014 014 014 014 014 014 014 014 014 014 014 014 014 014 014 014 014 014 014 014 014 014 014 015 014 014 015 015 015 015 037 037 039 037 037 039 039 040 040 041 041 041 041 041 041 041 041 042 042 042 042 042 042 042 042 042 043 043 043 044 044 045 045 045 045 045 
36                                                                                                                                                 047 046 046 045 045 045 045 014 045 045 045 045 045 045 045 045 045 045 014 045 045 045 045 045 044 014 014 014 014 014 014 014 014 014 014 014 014 014 014 014 014 014 014 014 014 014 014 014 014 014 014 014 014 014 014 014 014 014 014 014 014 014 014 014 014 014 015 014 014 015 015 015 015 037 037 039 037 037 039 039 040 040 041 041 041 041 041 041 041 041 042 042 042 042 042 042 042 042 042 043 043 043 044 044 045 045 045 045 045 
37                                                                                                                                                     047 047 046 045 045 045 014 045 045 045 045 045 045 045 045 045 045 014 045 045 045 045 045 044 014 014 014 014 014 014 014 014 014 014 014 014 014 014 014 014 014 014 014 014 014 014 014 014 014 014 014 014 014 014 014 014 014 014 014 014 014 014 014 014 014 015 014 014 015 015 015 015 037 037 039 037 037 039 039 040 040 041 041 041 041 041 041 041 041 042 042 042 042 042 042 042 042 042 043 043 043 043 043 044 044 044 044 044 
38                                                                                                                                                         047 046 045 045 045 014 045 045 045 045 045 045 045 045 045 045 014 045 045 045 045 045 044 014 014 014 014 014 014 014 014 014 014 014 014 014 014 014 014 014 014 014 014 014 014 014 014 014 014 014 014 014 014 014 014 014 014 014 014 014 014 014 014 014 015 014 014 015 015 015 015 037 037 039 037 037 039 039 040 040 041 041 041 041 041 041 041 041 042 042 042 042 042 042 042 042 042 043 043 043 043 043 044 044 044 044 044 
39                                                                                                                                                             047 045 045 045 014 045 045 045 045 045 045 045 045 045 045 014 045 045 045 045 045 044 014 014 014 014 014 014 014 014 014 014 014 014 014 014 014 014 014 014 014 014 014 014 014 014 014 014 014 014 014 014 014 014 014 014 014 014 014 014 014 014 014 015 014 014 015 015 015 015 037 037 039 037 037 039 039 040 040 041 041 041 041 041 041 041 041 042 042 042 042 042 042 042 042 042 043 043 043 043 043 044 044 044 044 044 
40                                                                                                                                                                 047 047 047 014 047 047 047 047 047 047 047 047 047 047 014 047 047 047 047 047 046 014 014 014 014 014 014 014 014 014 014 014 014 014 014 014 014 014 014 014 014 014 014 014 014 014 014 014 014 014 014 014 014 014 014 014 014 014 014 014 014 014 015 014 014 015 015 015 015 037 037 039 037 037 039 039 040 040 041 041 041 041 041 041 041 041 042 042 042 042 042 042 042 042 042 043 043 043 043 043 044 044 044 044 044 
41                                                                                                                                                                     047 047 014 047 047 047 047 047 047 047 047 047 047 014 047 047 047 047 047 046 014 014 014 014 014 014 014 014 014 014 014 014 014 014 014 014 014 014 014 014 014 014 014 014 014 014 014 014 014 014 014 014 014 014 014 014 014 014 014 014 014 015 014 014 015 015 015 015 037 037 039 037 037 039 039 040 040 041 041 041 041 041 041 041 041 042 042 042 042 042 042 042 042 042 043 043 043 043 043 044 044 044 044 044 
42                                                                                                                                                                         047 014 047 047 047 047 047 047 047 047 047 047 014 047 047 047 047 047 046 014 014 014 014 014 014 014 014 014 014 014 014 014 014 014 014 014 014 014 014 014 014 014 014 014 014 014 014 014 014 014 014 014 014 014 014 014 014 014 014 014 015 014 014 015 015 015 015 037 037 039 037 037 039 039 040 040 041 041 041 041 041 041 041 041 042 042 042 042 042 042 042 042 042 043 043 043 043 043 044 044 044 044 044 
43                                                                                                                                                                             017 014 014 014 014 014 014 014 014 014 014 017 014 014 014 014 014 014 017 016 016 016 016 016 016 016 016 016 016 016 016 016 016 016 016 016 016 016 016 016 016 016 016 016 016 016 016 016 016 016 016 016 016 016 016 016 016 016 016 016 016 016 016 016 016 016 016 016 016 016 016 016 016 016 016 016 015 015 015 015 015 015 015 015 015 015 015 015 015 015 015 015 015 015 015 014 014 014 014 014 014 014 
44                                                                                                                                                                                 047 047 047 047 047 047 047 047 047 047 014 047 047 047 047 047 046 014 014 014 014 014 014 014 014 014 014 014 014 014 014 014 014 014 014 014 014 014 014 014 014 014 014 014 014 014 014 014 014 014 014 014 014 014 014 014 014 014 015 014 014 015 015 015 015 037 037 039 037 037 039 039 040 040 041 041 041 041 041 041 041 041 042 042 042 042 042 042 042 042 042 043 043 043 043 043 044 044 044 044 044 
45                                                                                                                                                                                     047 047 047 047 047 047 047 047 047 014 047 047 047 047 047 046 014 014 014 014 014 014 014 014 014 014 014 014 014 014 014 014 014 014 014 014 014 014 014 014 014 014 014 014 014 014 014 014 014 014 014 014 014 014 014 014 014 015 014 014 015 015 015 015 037 037 039 037 037 039 039 040 040 041 041 041 041 041 041 041 041 042 042 042 042 042 042 042 042 042 043 043 043 043 043 044 044 044 044 044 
46                                                                                                                                                                                         048 048 048 048 048 048 047 047 014 047 047 047 047 047 046 014 014 014 014 014 014 014 014 014 014 014 014 014 014 014 014 014 014 014 014 014 014 014 014 014 014 014 014 014 014 014 014 014 014 014 014 014 014 014 014 014 015 014 014 015 015 015 015 037 037 039 037 037 039 039 040 040 041 041 041 041 041 041 041 041 042 042 042 042 042 042 042 042 042 043 043 043 043 043 044 044 044 044 044 
47                                                                                                                                                                                             048 048 048 048 048 047 047 014 047 047 047 047 047 046 014 014 014 014 014 014 014 014 014 014 014 014 014 014 014 014 014 014 014 014 014 014 014 014 014 014 014 014 014 014 014 014 014 014 014 014 014 014 014 014 014 015 014 014 015 015 015 015 037 037 039 037 037 039 039 040 040 041 041 041 041 041 041 041 041 042 042 042 042 042 042 042 042 042 043 043 043 043 043 044 044 044 044 044 
48                                                                                                                                                                                                 048 048 048 048 047 047 014 047 047 047 047 047 046 014 014 014 014 014 014 014 014 014 014 014 014 014 014 014 014 014 014 014 014 014 014 014 014 014 014 014 014 014 014 014 014 014 014 014 014 014 014 014 014 014 015 014 014 015 015 015 015 037 037 039 037 037 039 039 040 040 041 041 041 041 041 041 041 041 042 042 042 042 042 042 042 042 042 043 043 043 043 043 044 044 044 044 044 
49                                                                                                                                                                                                     048 048 048 047 047 014 047 047 047 047 047 046 014 014 014 014 014 014 014 014 014 014 014 014 014 014 014 014 014 014 014 014 014 014 014 014 014 014 014 014 014 014 014 014 014 014 014 014 014 014 014 014 014 015 014 014 015 015 015 015 037 037 039 037 037 039 039 040 040 041 041 041 041 041 041 041 041 042 042 042 042 042 042 042 042 042 043 043 043 043 043 044 044 044 044 044 
50                                                                                                                                                                                                         048 048 047 047 014 047 047 047 047 047 046 014 014 014 014 014 014 014 014 014 014 014 014 014 014 014 014 014 014 014 014 014 014 014 014 014 014 014 014 014 014 014 014 014 014 014 014 014 014 014 014 014 015 014 014 015 015 015 015 037 037 039 037 037 039 039 040 040 041 041 041 041 041 041 041 041 042 042 042 042 042 042 042 042 042 043 043 043 043 043 044 044 044 044 044 
51                                                                                                                                                                                                             048 047 047 014 047 047 047 047 047 046 014 014 014 014 014 014 014 014 014 014 014 014 014 014 014 014 014 014 014 014 014 014 014 014 014 014 014 014 014 014 014 014 014 014 014 014 014 014 014 014 014 015 014 014 015 015 015 015 037 037 039 037 037 039 039 040 040 041 041 041 041 041 041 041 041 042 042 042 042 042 042 042 042 042 043 043 043 043 043 044 044 044 044 044 
52                                                                                                                                                                                                                 048 048 014 048 048 048 048 048 047 014 014 014 014 014 014 014 014 014 014 014 014 014 014 014 014 014 014 014 014 014 014 014 014 014 014 014 014 014 014 014 014 014 014 014 014 014 014 014 014 014 015 014 014 015 015 015 015 037 037 039 037 037 039 039 040 040 041 041 041 041 041 041 041 041 042 042 042 042 042 042 042 042 042 043 043 043 043 043 044 044 044 044 044 
53                                                                                                                                                                                                                     048 014 048 048 048 048 048 047 014 014 014 014 014 014 014 014 014 014 014 014 014 014 014 014 014 014 014 014 014 014 014 014 014 014 014 014 014 014 014 014 014 014 014 014 014 014 014 014 014 015 014 014 015 015 015 015 037 037 039 037 037 039 039 040 040 041 041 041 041 041 041 041 041 042 042 042 042 042 042 042 042 042 043 043 043 043 043 044 044 044 044 044 
54                                                                                                                                                                                                                         017 014 014 014 014 014 014 017 016 016 016 016 016 016 016 016 016 016 016 016 016 016 016 016 016 016 016 016 016 016 016 016 016 016 016 016 016 016 016 016 016 016 016 016 016 016 016 016 016 016 016 016 016 016 016 016 016 016 016 016 016 016 016 016 016 015 015 015 015 015 015 015 015 015 015 015 015 015 015 015 015 015 015 015 014 014 014 014 014 014 014 
55                                                                                                                                                                                                                             048 048 048 048 048 047 014 014 014 014 014 014 014 014 014 014 014 014 014 014 014 014 014 014 014 014 014 014 014 014 014 014 014 014 014 014 014 014 014 014 014 014 014 014 014 014 014 015 014 014 015 015 015 015 037 037 039 037 037 039 039 040 040 041 041 041 041 041 041 041 041 042 042 042 042 042 042 042 042 042 043 043 043 043 043 044 044 044 044 044 
56                                                                                                                                                                                                                                 048 048 048 048 047 014 014 014 014 014 014 014 014 014 014 014 014 014 014 014 014 014 014 014 014 014 014 014 014 014 014 014 014 014 014 014 014 014 014 014 014 014 014 014 014 014 015 014 014 015 015 015 015 037 037 039 037 037 039 039 040 040 041 041 041 041 041 041 041 041 042 042 042 042 042 042 042 042 042 043 043 043 043 043 044 044 044 044 044 
57                                                                                                                                                                                                                                     048 048 048 047 014 014 014 014 014 014 014 014 014 014 014 014 014 014 014 014 014 014 014 014 014 014 014 014 014 014 014 014 014 014 014 014 014 014 014 014 014 014 014 014 014 015 014 014 015 015 015 015 037 037 039 037 037 039 039 040 040 041 041 041 041 041 041 041 041 042 042 042 042 042 042 042 042 042 043 043 043 043 043 044 044 044 044 044 
58                                                                                                                                                                                                                                         048 048 047 014 014 014 014 014 014 014 014 014 014 014 014 014 014 014 014 014 014 014 014 014 014 014 014 014 014 014 014 014 014 014 014 014 014 014 014 014 014 014 014 014 015 014 014 015 015 015 015 037 037 039 037 037 039 039 040 040 041 041 041 041 041 041 041 041 042 042 042 042 042 042 042 042 042 043 043 043 043 043 044 044 044 044 044 
59                                                                                                                                                                                                                                             048 047 014 014 014 014 014 014 014 014 014 014 014 014 014 014 014 014 014 014 014 014 014 014 014 014 014 014 014 014 014 014 014 014 014 014 014 014 014 014 014 014 014 015 014 014 015 015 015 015 037 037 039 037 037 039 039 040 040 041 041 041 041 041 041 041 041 042 042 042 042 042 042 042 042 042 043 043 043 043 043 044 044 044 044 044 
60                                                                                                                                                                                                                                                 048 014 014 014 014 014 014 014 014 014 014 014 014 014 014 014 014 014 014 014 014 014 014 014 014 014 014 014 014 014 014 014 014 014 014 014 014 014 014 014 014 014 015 014 014 015 015 015 015 037 037 039 037 037 039 039 040 040 040 040 040 040 040 040 040 040 041 041 041 041 041 041 041 041 041 042 042 042 042 042 043 043 043 043 043 
61                                                                                                                                                                                                                                                     017 016 016 016 016 016 016 016 016 016 016 016 016 016 016 016 016 016 016 016 016 016 016 016 016 016 016 016 016 016 016 016 016 016 016 016 016 016 016 016 016 016 016 016 016 016 016 016 016 016 016 016 016 016 016 016 016 016 015 015 015 015 015 015 015 015 015 015 015 015 015 015 015 015 015 015 015 014 014 014 014 014 014 014 
62                                                                                                                                                                                                                                                         017 017 016 016 016 016 016 016 016 016 016 016 016 016 016 016 016 016 016 016 016 016 016 016 016 016 016 016 016 016 016 016 016 016 016 016 016 016 016 016 016 016 016 016 016 016 016 016 016 016 016 016 016 016 016 016 016 015 015 015 015 015 015 015 015 015 015 015 015 015 015 015 015 015 015 015 014 014 014 014 014 014 014 
63                                                                                                                                                                                                                                                             017 016 016 016 016 016 016 016 016 016 016 016 016 016 016 016 016 016 016 016 016 016 016 016 016 016 016 016 016 016 016 016 016 016 016 016 016 016 016 016 016 016 016 016 016 016 016 016 016 016 016 016 016 016 016 016 015 015 015 015 015 015 015 015 015 015 015 015 015 015 015 015 015 015 015 014 014 014 014 014 014 014 
64                                                                                                                                                                                                                                                                 017 016 016 016 016 016 016 016 016 016 016 016 016 016 016 016 016 016 016 016 016 016 016 016 016 016 016 016 016 016 016 016 016 016 016 016 016 016 016 016 016 016 016 016 016 016 016 016 016 016 016 016 016 016 016 015 015 015 015 015 015 015 015 015 015 015 015 015 015 015 015 015 015 015 014 014 014 014 014 014 014 
65                                                                                                                                                                                                                                                                     017 017 017 016 016 016 016 016 016 016 016 016 016 016 016 016 016 016 016 016 016 016 016 016 016 016 016 016 016 016 016 016 016 016 016 016 016 016 016 016 016 016 016 016 016 016 016 016 016 016 016 016 016 016 015 015 015 015 015 015 015 015 015 015 015 015 015 015 015 015 015 015 015 014 014 014 014 014 014 014 
66                                                                                                                                                                                                                                                                         017 017 016 016 016 016 016 016 016 016 016 016 016 016 016 016 016 016 016 016 016 016 016 016 016 016 016 016 016 016 016 016 016 016 016 016 016 016 016 016 016 016 016 016 016 016 016 016 016 016 016 016 016 015 015 015 015 015 015 015 015 015 015 015 015 015 015 015 015 015 015 015 014 014 014 014 014 014 014 
67                                                                                                                                                                                                                                                                             017 016 016 016 016 016 016 016 016 016 016 016 016 016 016 016 016 016 016 016 016 016 016 016 016 016 016 016 016 016 016 016 016 016 016 016 016 016 016 016 016 016 016 016 016 016 016 016 016 016 016 016 015 015 015 015 015 015 015 015 015 015 015 015 015 015 015 015 015 015 015 014 014 014 014 014 014 014 
68                                                                                                                                                                                                                                                                                 017 017 016 016 016 016 016 016 016 016 016 016 016 016 016 016 016 016 016 016 016 016 016 016 016 016 016 016 016 016 016 016 016 016 016 016 016 016 016 016 016 016 016 016 016 016 016 016 016 016 016 015 015 015 015 015 015 015 015 015 015 015 015 015 015 015 015 015 015 015 014 014 014 014 014 014 014 
69                                                                                                                                                                                                                                                                                     017 016 016 016 016 016 016 016 016 016 016 016 016 016 016 016 016 016 016 016 016 016 016 016 016 016 016 016 016 016 016 016 016 016 016 016 016 016 016 016 016 016 016 016 016 016 016 016 016 016 015 015 015 015 015 015 015 015 015 015 015 015 015 015 015 015 015 015 015 014 014 014 014 014 014 014 
70                                                                                                                                                                                                                                                                                         017 017 016 016 016 016 016 016 016 016 016 016 016 016 016 016 016 016 016 016 016 016 016 016 016 016 016 016 016 016 016 016 016 016 016 016 016 016 016 016 016 016 016 016 016 016 016 016 016 015 015 015 015 015 015 015 015 015 015 015 015 015 015 015 015 015 015 015 014 014 014 014 014 014 014 
71                                                                                                                                                                                                                                                                                             017 016 016 016 016 016 016 016 016 016 016 016 016 016 016 016 016 016 016 016 016 016 016 016 016 016 016 016 016 016 016 016 016 016 016 016 016 016 016 016 016 016 016 016 016 016 016 016 015 015 015 015 015 015 015 015 015 015 015 015 015 015 015 015 015 015 015 014 014 014 014 014 014 014 
72                                                                                                                                                                                                                                                                                                 017 017 017 017 017 017 017 017 016 016 017 017 017 016 016 016 017 016 016 017 017 017 017 017 017 016 016 017 017 017 016 016 016 016 016 016 016 016 016 016 016 016 016 016 016 016 016 015 015 015 015 015 015 015 015 015 015 015 015 015 015 015 015 015 015 015 014 014 014 014 014 014 014 
73                                                                                                                                                                                                                                                                                                     017 017 017 017 017 017 017 016 016 017 017 017 016 016 016 017 016 016 017 017 017 017 017 017 016 016 017 017 017 016 016 016 016 016 016 016 016 016 016 016 016 016 016 016 016 016 015 015 015 015 015 015 015 015 015 015 015 015 015 015 015 015 015 015 015 014 014 014 014 014 014 014 
74                                                                                                                                                                                                                                                                                                         017 017 017 017 017 017 016 016 017 017 017 016 016 016 017 016 016 017 017 017 017 017 017 016 016 017 017 017 016 016 016 016 016 016 016 016 016 016 016 016 016 016 016 016 016 015 015 015 015 015 015 015 015 015 015 015 015 015 015 015 015 015 015 015 014 014 014 014 014 014 014 
75                                                                                                                                                                                                                                                                                                             017 017 017 017 017 016 016 017 017 017 016 016 016 017 016 016 017 017 017 017 017 017 016 016 017 017 017 016 016 016 016 016 016 016 016 016 016 016 016 016 016 016 016 016 015 015 015 015 015 015 015 015 015 015 015 015 015 015 015 015 015 015 015 014 014 014 014 014 014 014 
76                                                                                                                                                                                                                                                                                                                 017 017 017 017 016 016 017 017 017 016 016 016 017 016 016 017 017 017 017 017 017 016 016 017 017 017 016 016 016 016 016 016 016 016 016 016 016 016 016 016 016 016 016 015 015 015 015 015 015 015 015 015 015 015 015 015 015 015 015 015 015 015 014 014 014 014 014 014 014 
77                                                                                                                                                                                                                                                                                                                     017 017 017 016 016 017 017 017 016 016 016 017 016 016 017 017 017 017 017 017 016 016 017 017 017 016 016 016 016 016 016 016 016 016 016 016 016 016 016 016 016 016 015 015 015 015 015 015 015 015 015 015 015 015 015 015 015 015 015 015 015 014 014 014 014 014 014 014 
78                                                                                                                                                                                                                                                                                                                         017 017 016 016 017 017 017 016 016 016 017 016 016 017 017 017 017 017 017 016 016 017 017 017 016 016 016 016 016 016 016 016 016 016 016 016 016 016 016 016 016 015 015 015 015 015 015 015 015 015 015 015 015 015 015 015 015 015 015 015 014 014 014 014 014 014 014 
79                                                                                                                                                                                                                                                                                                                             017 016 016 017 017 017 016 016 016 017 016 016 017 017 017 017 017 017 016 016 017 017 017 016 016 016 016 016 016 016 016 016 016 016 016 016 016 016 016 016 015 015 015 015 015 015 015 015 015 015 015 015 015 015 015 015 015 015 015 014 014 014 014 014 014 014 
80                                                                                                                                                                                                                                                                                                                                 017 017 016 016 016 016 016 016 016 017 017 016 016 016 016 016 016 017 017 016 016 016 016 016 016 016 016 016 016 016 016 016 016 016 016 016 016 016 016 015 015 015 015 015 015 015 015 015 015 015 015 015 015 015 015 015 015 015 014 014 014 014 014 014 014 
81                                                                                                                                                                                                                                                                                                                                     017 016 016 016 016 016 016 016 017 017 016 016 016 016 016 016 017 017 016 016 016 016 016 016 016 016 016 016 016 016 016 016 016 016 016 016 016 016 015 015 015 015 015 015 015 015 015 015 015 015 015 015 015 015 015 015 015 014 014 014 014 014 014 014 
82                                                                                                                                                                                                                                                                                                                                         017 017 017 016 016 016 017 016 016 017 017 017 017 017 017 016 016 017 017 017 016 016 016 016 016 016 016 016 016 016 016 016 016 016 016 016 016 015 015 015 015 015 015 015 015 015 015 015 015 015 015 015 015 015 015 015 014 014 014 014 014 014 014 
83                                                                                                                                                                                                                                                                                                                                             017 017 016 016 016 017 016 016 017 017 017 017 017 017 016 016 017 017 017 016 016 016 016 016 016 016 016 016 016 016 016 016 016 016 016 016 015 015 015 015 015 015 015 015 015 015 015 015 015 015 015 015 015 015 015 014 014 014 014 014 014 014 
84                                                                                                                                                                                                                                                                                                                                                 017 016 016 016 017 016 016 017 017 017 017 017 017 016 016 017 017 017 016 016 016 016 016 016 016 016 016 016 016 016 016 016 016 016 016 015 015 015 015 015 015 015 015 015 015 015 015 015 015 015 015 015 015 015 014 014 014 014 014 014 014 
85                                                                                                                                                                                                                                                                                                                                                     017 017 016 016 016 016 016 016 016 016 016 016 016 016 016 016 016 016 016 016 016 016 016 016 016 016 016 016 016 016 016 016 016 016 015 015 015 015 015 015 015 015 015 015 015 015 015 015 015 015 015 015 015 014 014 014 014 014 014 014 
86                                                                                                                                                                                                                                                                                                                                                         017 016 016 016 016 016 016 016 016 016 016 016 016 016 016 016 016 016 016 016 016 016 016 016 016 016 016 016 016 016 016 016 016 015 015 015 015 015 015 015 015 015 015 015 015 015 015 015 015 015 015 015 014 014 014 014 014 014 014 
87                                                                                                                                                                                                                                                                                                                                                             017 016 016 016 016 016 016 016 016 016 016 016 016 016 016 016 016 016 016 016 016 016 016 016 016 016 016 016 016 016 016 016 015 015 015 015 015 015 015 015 015 015 015 015 015 015 015 015 015 015 015 014 014 014 014 014 014 014 
88                                                                                                                                                                                                                                                                                                                                                                 017 016 016 017 017 017 017 017 017 016 016 017 017 017 016 016 016 016 016 016 016 016 016 016 016 016 016 016 016 016 016 015 015 015 015 015 015 015 015 015 015 015 015 015 015 015 015 015 015 015 014 014 014 014 014 014 014 
89                                                                                                                                                                                                                                                                                                                                                                     017 017 016 016 016 016 016 016 017 017 016 016 016 016 016 016 016 016 016 016 016 016 016 016 016 016 016 016 016 016 015 015 015 015 015 015 015 015 015 015 015 015 015 015 015 015 015 015 015 014 014 014 014 014 014 014 
90                                                                                                                                                                                                                                                                                                                                                                         017 016 016 016 016 016 016 017 017 016 016 016 016 016 016 016 016 016 016 016 016 016 016 016 016 016 016 016 016 015 015 015 015 015 015 015 015 015 015 015 015 015 015 015 015 015 015 015 014 014 014 014 014 014 014 
91                                                                                                                                                                                                                                                                                                                                                                             017 017 017 017 017 017 016 016 017 017 017 016 016 016 016 016 016 016 016 016 016 016 016 016 016 016 016 016 015 015 015 015 015 015 015 015 015 015 015 015 015 015 015 015 015 015 015 014 014 014 014 014 014 014 
92                                                                                                                                                                                                                                                                                                                                                                                 017 017 017 017 017 016 016 017 017 017 016 016 016 016 016 016 016 016 016 016 016 016 016 016 016 016 016 015 015 015 015 015 015 015 015 015 015 015 015 015 015 015 015 015 015 015 014 014 014 014 014 014 014 
93                                                                                                                                                                                                                                                                                                                                                                                     017 017 017 017 016 016 017 017 017 016 016 016 016 016 016 016 016 016 016 016 016 016 016 016 016 016 015 015 015 015 015 015 015 015 015 015 015 015 015 015 015 015 015 015 015 014 014 014 014 014 014 014 
94                                                                                                                                                                                                                                                                                                                                                                                         017 017 017 016 016 017 017 017 016 016 016 016 016 016 016 016 016 016 016 016 016 016 016 016 016 015 015 015 015 015 015 015 015 015 015 015 015 015 015 015 015 015 015 015 014 014 014 014 014 014 014 
95                                                                                                                                                                                                                                                                                                                                                                                             017 017 016 016 017 017 017 016 016 016 016 016 016 016 016 016 016 016 016 016 016 016 016 016 015 015 015 015 015 015 015 015 015 015 015 015 015 015 015 015 015 015 015 014 014 014 014 014 014 014 
96                                                                                                                                                                                                                                                                                                                                                                                                 017 016 016 017 017 017 016 016 016 016 016 016 016 016 016 016 016 016 016 016 016 016 016 015 015 015 015 015 015 015 015 015 015 015 015 015 015 015 015 015 015 015 014 014 014 014 014 014 014 
97                                                                                                                                                                                                                                                                                                                                                                                                     017 017 016 016 016 016 016 016 016 016 016 016 016 016 016 016 016 016 016 016 016 016 015 015 015 015 015 015 015 015 015 015 015 015 015 015 015 015 015 015 015 014 014 014 014 014 014 014 
98                                                                                                                                                                                                                                                                                                                                                                                                         017 016 016 016 016 016 016 016 016 016 016 016 016 016 016 016 016 016 016 016 016 015 015 015 015 015 015 015 015 015 015 015 015 015 015 015 015 015 015 015 014 014 014 014 014 014 014 
99                                                                                                                                                                                                                                                                                                                                                                                                             017 017 017 016 016 016 016 016 016 016 016 016 016 016 016 016 016 016 016 016 015 015 015 015 015 015 015 015 015 015 015 015 015 015 015 015 015 015 015 014 014 014 014 014 014 014 
100                                                                                                                                                                                                                                                                                                                                                                                                                 017 017 016 016 016 016 016 016 016 016 016 016 016 016 016 016 016 016 016 015 015 015 015 015 015 015 015 015 015 015 015 015 015 015 015 015 015 015 014 014 014 014 014 014 014 
101                                                                                                                                                                                                                                                                                                                                                                                                                     017 016 016 016 016 016 016 016 016 016 016 016 016 016 016 016 016 016 015 015 015 015 015 015 015 015 015 015 015 015 015 015 015 015 015 015 015 014 014 014 014 014 014 014 
102                                                                                                                                                                                                                                                                                                                                                                                                                         017 016 016 017 017 017 017 017 017 017 017 017 017 017 017 017 017 016 016 016 016 016 016 016 016 016 016 016 016 016 016 016 016 016 016 016 015 015 015 015 015 015 015 
103                                                                                                                                                                                                                                                                                                                                                                                                                             017 017 016 016 016 016 016 016 016 016 016 016 016 016 016 016 015 015 015 015 015 015 015 015 015 015 015 015 015 015 015 015 015 015 015 014 014 014 014 014 014 014 
104                                                                                                                                                                                                                                                                                                                                                                                                                                 017 016 016 016 016 016 016 016 016 016 016 016 016 016 016 015 015 015 015 015 015 015 015 015 015 015 015 015 015 015 015 015 015 015 014 014 014 014 014 014 014 
105                                                                                                                                                                                                                                                                                                                                                                                                                                     017 017 017 017 017 017 017 017 017 017 017 017 017 017 016 016 016 016 016 016 016 016 016 016 016 016 016 016 016 016 016 016 016 015 015 015 015 015 015 015 
106                                                                                                                                                                                                                                                                                                                                                                                                                                         017 017 017 017 017 017 017 017 017 017 017 017 017 016 016 016 016 016 016 016 016 016 016 016 016 016 016 016 016 016 016 016 015 015 015 015 015 015 015 
107                                                                                                                                                                                                                                                                                                                                                                                                                                             017 017 017 017 017 017 017 017 017 017 017 017 016 016 016 016 016 016 016 016 016 016 016 016 016 016 016 016 016 016 016 015 015 015 015 015 015 015 
108                                                                                                                                                                                                                                                                                                                                                                                                                                                 017 017 017 017 017 017 017 017 017 017 017 016 016 016 016 016 016 016 016 016 016 016 016 016 016 016 016 016 016 016 015 015 015 015 015 015 015 
109                                                                                                                                                                                                                                                                                                                                                                                                                                                     040 040 039 040 040 039 039 039 039 039 038 038 038 038 038 038 038 038 038 038 038 038 038 038 038 038 038 038 038 037 037 037 037 037 037 037 
110                                                                                                                                                                                                                                                                                                                                                                                                                                                         040 039 040 040 039 039 039 039 039 038 038 038 038 038 038 038 038 038 038 038 038 038 038 038 038 038 038 038 037 037 037 037 037 037 037 
111                                                                                                                                                                                                                                                                                                                                                                                                                                                             043 039 039 041 041 041 041 041 040 040 040 040 040 040 040 040 040 040 040 040 040 040 040 040 040 040 040 039 039 039 039 039 039 039 
112                                                                                                                                                                                                                                                                                                                                                                                                                                                                 040 040 039 039 039 039 039 038 038 038 038 038 038 038 038 038 038 038 038 038 038 038 038 038 038 038 037 037 037 037 037 037 037 
113                                                                                                                                                                                                                                                                                                                                                                                                                                                                     040 039 039 039 039 039 038 038 038 038 038 038 038 038 038 038 038 038 038 038 038 038 038 038 038 037 037 037 037 037 037 037 
114                                                                                                                                                                                                                                                                                                                                                                                                                                                                         043 043 042 042 042 041 041 040 040 040 040 040 040 040 040 040 040 040 040 040 040 040 040 040 039 039 039 039 039 039 039 
115                                                                                                                                                                                                                                                                                                                                                                                                                                                                             043 042 042 042 041 041 040 040 040 040 040 040 040 040 040 040 040 040 040 040 040 040 040 039 039 039 039 039 039 039 
116                                                                                                                                                                                                                                                                                                                                                                                                                                                                                 043 043 043 042 042 041 041 041 041 041 041 041 041 041 041 041 041 041 041 041 041 041 040 040 040 040 040 040 040 
117                                                                                                                                                                                                                                                                                                                                                                                                                                                                                     043 043 042 042 041 041 041 041 041 041 041 041 041 041 041 041 041 041 041 041 041 040 040 040 040 040 040 040 
118                                                                                                                                                                                                                                                                                                                                                                                                                                                                                         044 043 043 042 042 042 042 042 042 042 042 042 042 042 042 042 042 042 042 042 041 041 041 041 041 041 041 
119                                                                                                                                                                                                                                                                                                                                                                                                                                                                                             044 044 043 043 043 043 043 043 043 043 043 043 043 043 043 043 043 043 043 041 041 041 041 041 041 041 
120                                                                                                                                                                                                                                                                                                                                                                                                                                                                                                 044 043 043 043 043 043 043 043 043 043 043 043 043 043 043 043 043 043 041 041 041 041 041 041 041 
121                                                                                                                                                                                                                                                                                                                                                                                                                                                                                                     044 044 044 044 044 044 044 044 044 043 043 043 043 043 043 043 043 041 041 041 041 041 041 041 
122                                                                                                                                                                                                                                                                                                                                                                                                                                                                                                         044 044 044 044 044 044 044 044 043 043 043 043 043 043 043 043 041 041 041 041 041 041 041 
123                                                                                                                                                                                                                                                                                                                                                                                                                                                                                                             044 044 044 044 044 044 044 043 043 043 043 043 043 043 043 041 041 041 041 041 041 041 
124                                                                                                                                                                                                                                                                                                                                                                                                                                                                                                                 044 044 044 044 044 044 043 043 043 043 043 043 043 043 041 041 041 041 041 041 041 
125                                                                                                                                                                                                                                                                                                                                                                                                                                                                                                                     044 044 044 044 044 043 043 043 043 043 043 043 043 041 041 041 041 041 041 041 
126                                                                                                                                                                                                                                                                                                                                                                                                                                                                                                                         045 045 045 045 044 044 044 044 044 044 044 044 042 042 042 042 042 042 042 
127                                                                                                                                                                                                                                                                                                                                                                                                                                                                                                                             045 045 045 044 044 044 044 044 044 044 044 042 042 042 042 042 042 042 
128                                                                                                                                                                                                                                                                                                                                                                                                                                                                                                                                 045 045 044 044 044 044 044 044 044 044 042 042 042 042 042 042 042 
129                                                                                                                                                                                                                                                                                                                                                                                                                                                                                                                                     045 044 044 044 044 044 044 044 044 042 042 042 042 042 042 042 
130                                                                                                                                                                                                                                                                                                                                                                                                                                                                                                                                         045 044 044 044 044 044 044 044 042 042 042 042 042 042 042 
131                                                                                                                                                                                                                                                                                                                                                                                                                                                                                                                                             045 045 045 045 045 045 044 042 042 042 042 042 042 042 
132                                                                                                                                                                                                                                                                                                                                                                                                                                                                                                                                                 045 045 045 045 045 044 042 042 042 042 042 042 042 
133                                                                                                                                                                                                                                                                                                                                                                                                                                                                                                                                                     045 045 045 045 044 042 042 042 042 042 042 042 
134                                                                                                                                                                                                                                                                                                                                                                                                                                                                                                                                                         045 045 045 044 042 042 042 042 042 042 042 
135                                                                                                                                                                                                                                                                                                                                                                                                                                                                                                                                                             046 046 045 043 043 043 043 043 043 043 
136                                                                                                                                                                                                                                                                                                                                                                                                                                                                                                                                                                 046 045 043 043 043 043 043 043 043 
137                                                                                                                                                                                                                                                                                                                                                                                                                                                                                                                                                                     046 043 043 043 043 043 043 043 
138                                                                                                                                                                                                                                                                                                                                                                                                                                                                                                                                                                         046 046 045 045 045 045 045 
139                                                                                                                                                                                                                                                                                                                                                                                                                                                                                                                                                                             046 045 045 045 045 045 
140                                                                                                                                                                                                                                                                                                                                                                                                                                                                                                                                                                                 046 046 046 046 046 
141                                                                                                                                                                                                                                                                                                                                                                                                                                                                                                                                                                                     047 047 047 047 
142                                                                                                                                                                                                                                                                                                                                                                                                                                                                                                                                                                                         047 047 047 
143                                                                                                                                                                                                                                                                                                                                                                                                                                                                                                                                                                                             047 047 
144                                                                                                                                                                                                                                                                                                                                                                                                                                                                                                                                                                                                 047 
145                                                                                                                                                                                                                                                                                                                                                                                                                                                                                                                                                                                                     
