   01  02  03  04  05  06  07  08  09  10  11  12  13  14  15  16  17  18  19  20  21  22  23  24  25  26  27  28  29  30  31  32  33  34  35  36  37  38  39  40  41  42  43  44  45  46  47  48  49  50  51  52  53  54  55  56  57  58  59  60  61  62  63  64  65  66  67  68  69  70  71  72  73  74  75  76  77  78  79  80  81  82  83  84  85  86  87  88  89  90  91  92  93  94  95  96  97  98  99  100  101  102  103  104  105  106  107  108  109  110  111  112  113  114  115  116  117  118  119  120  121  122  123  124  125  126  127  128  129  130  131  132  133  134  135  136  137  138  139  140  141  142  143  144  145  146  
01     014 014 014 014 014 014 014 014 014 014 012 012 012 012 012 012 012 012 012 012 014 012 012 012 012 012 012 012 012 012 012 014 012 012 012 012 012 012 012 012 012 012 014 012 012 012 012 012 012 012 012 012 012 014 012 012 012 012 012 012 012 014 014 014 014 014 014 014 014 014 014 014 014 014 014 014 014 014 014 014 014 014 014 014 014 014 014 014 014 014 014 014 014 014 014 014 014 014 014 014 014 014 014 014 014 014 014 014 014 014 014 014 014 014 014 014 014 014 014 014 014 014 014 014 014 014 014 013 013 013 013 013 013 013 013 013 013 012 012 012 012 012 012 012 012 
02         014 014 014 014 014 014 014 014 014 012 012 012 012 012 012 012 012 012 012 014 012 012 012 012 012 012 012 012 012 012 014 012 012 012 012 012 012 012 012 012 012 014 012 012 012 012 012 012 012 012 012 012 014 012 012 012 012 012 012 012 014 014 014 014 014 014 014 014 014 014 014 014 014 014 014 014 014 014 014 014 014 014 014 014 014 014 014 014 014 014 014 014 014 014 014 014 014 014 014 014 014 014 014 014 014 014 014 014 014 014 014 014 014 014 014 014 014 014 014 014 014 014 014 014 014 014 013 013 013 013 013 013 013 013 013 013 012 012 012 012 012 012 012 012 
03             014 014 014 014 014 014 014 014 012 012 012 012 012 012 012 012 012 012 014 012 012 012 012 012 012 012 012 012 012 014 012 012 012 012 012 012 012 012 012 012 014 012 012 012 012 012 012 012 012 012 012 014 012 012 012 012 012 012 012 014 014 014 014 014 014 014 014 014 014 014 014 014 014 014 014 014 014 014 014 014 014 014 014 014 014 014 014 014 014 014 014 014 014 014 014 014 014 014 014 014 014 014 014 014 014 014 014 014 014 014 014 014 014 014 014 014 014 014 014 014 014 014 014 014 014 013 013 013 013 013 013 013 013 013 013 012 012 012 012 012 012 012 012 
04                 015 015 015 015 015 015 015 013 013 013 013 013 013 013 013 013 013 015 013 013 013 013 013 013 013 013 013 013 015 013 013 013 013 013 013 013 013 013 013 015 013 013 013 013 013 013 013 013 013 013 015 013 013 013 013 013 013 013 015 015 015 015 015 015 015 015 015 015 015 015 015 015 015 015 015 015 015 015 015 015 015 015 015 015 015 015 015 015 015 015 015 015 015 015 015 015 015 015 015 015 015 015 015 015 015 015 015 015 015 015 015 015 015 015 015 015 015 015 015 015 015 015 015 015 014 014 014 014 014 014 014 014 014 014 013 013 013 013 013 013 013 013 
05                     015 015 015 015 015 015 013 013 013 013 013 013 013 013 013 013 015 013 013 013 013 013 013 013 013 013 013 015 013 013 013 013 013 013 013 013 013 013 015 013 013 013 013 013 013 013 013 013 013 015 013 013 013 013 013 013 013 015 015 015 015 015 015 015 015 015 015 015 015 015 015 015 015 015 015 015 015 015 015 015 015 015 015 015 015 015 015 015 015 015 015 015 015 015 015 015 015 015 015 015 015 015 015 015 015 015 015 015 015 015 015 015 015 015 015 015 015 015 015 015 015 015 015 014 014 014 014 014 014 014 014 014 014 013 013 013 013 013 013 013 013 
06                         017 016 016 016 016 014 014 014 014 014 014 014 014 014 014 016 014 014 014 014 014 014 014 014 014 014 016 014 014 014 014 014 014 014 014 014 014 016 014 014 014 014 014 014 014 014 014 014 016 014 014 014 014 014 014 014 016 016 016 016 016 016 016 016 016 016 016 016 016 016 016 016 016 016 016 016 016 016 016 016 016 016 016 016 016 016 016 016 016 016 016 016 016 016 016 016 016 016 016 016 016 016 016 016 016 016 016 016 016 016 016 016 016 016 016 016 016 016 016 016 016 016 015 015 015 015 015 015 015 015 015 015 014 014 014 014 014 014 014 014 
07                             017 017 016 016 014 014 014 014 014 014 014 014 014 014 016 014 014 014 014 014 014 014 014 014 014 016 014 014 014 014 014 014 014 014 014 014 016 014 014 014 014 014 014 014 014 014 014 016 014 014 014 014 014 014 014 016 016 016 016 016 016 016 016 016 016 016 016 016 016 016 016 016 016 016 016 016 016 016 016 016 016 016 016 016 016 016 016 016 016 016 016 016 016 016 016 016 016 016 016 016 016 016 016 016 016 016 016 016 016 016 016 016 016 016 016 016 016 016 016 016 016 015 015 015 015 015 015 015 015 015 015 014 014 014 014 014 014 014 014 
08                                 017 016 016 014 014 014 014 014 014 014 014 014 014 016 014 014 014 014 014 014 014 014 014 014 016 014 014 014 014 014 014 014 014 014 014 016 014 014 014 014 014 014 014 014 014 014 016 014 014 014 014 014 014 014 016 016 016 016 016 016 016 016 016 016 016 016 016 016 016 016 016 016 016 016 016 016 016 016 016 016 016 016 016 016 016 016 016 016 016 016 016 016 016 016 016 016 016 016 016 016 016 016 016 016 016 016 016 016 016 016 016 016 016 016 016 016 016 016 016 016 015 015 015 015 015 015 015 015 015 015 014 014 014 014 014 014 014 014 
09                                     017 017 014 014 014 014 014 014 014 014 014 014 016 014 014 014 014 014 014 014 014 014 014 016 014 014 014 014 014 014 014 014 014 014 016 014 014 014 014 014 014 014 014 014 014 016 014 014 014 014 014 014 014 016 016 016 016 016 016 016 016 016 016 016 016 016 016 016 016 016 016 016 016 016 016 016 016 016 016 016 016 016 016 016 016 016 016 016 016 016 016 016 016 016 016 016 016 016 016 016 016 016 016 016 016 016 016 016 016 016 016 016 016 016 016 016 016 016 016 015 015 015 015 015 015 015 015 015 015 014 014 014 014 014 014 014 014 
10                                         017 014 014 014 014 014 014 014 014 014 014 016 014 014 014 014 014 014 014 014 014 014 016 014 014 014 014 014 014 014 014 014 014 016 014 014 014 014 014 014 014 014 014 014 016 014 014 014 014 014 014 014 016 016 016 016 016 016 016 016 016 016 016 016 016 016 016 016 016 016 016 016 016 016 016 016 016 016 016 016 016 016 016 016 016 016 016 016 016 016 016 016 016 016 016 016 016 016 016 016 016 016 016 016 016 016 016 016 016 016 016 016 016 016 016 016 016 016 015 015 015 015 015 015 015 015 015 015 014 014 014 014 014 014 014 014 
11                                             047 047 047 047 047 047 047 047 046 046 014 046 046 046 046 046 046 046 046 046 046 014 046 046 046 045 045 045 045 045 045 045 014 045 045 045 045 045 045 045 045 045 045 014 045 045 045 045 045 044 044 014 014 014 014 014 014 014 014 014 014 014 014 014 014 014 014 014 014 014 014 014 014 014 014 014 014 014 014 014 014 014 014 014 014 014 014 014 014 014 014 014 014 014 014 014 014 014 014 014 015 014 015 015 015 015 037 037 039 039 039 037 039 039 040 040 041 041 041 042 042 042 042 042 042 043 043 044 045 045 045 045 045 045 047 
12                                                 047 047 047 047 047 047 047 046 046 014 046 046 046 046 046 046 046 046 046 046 014 046 046 046 045 045 045 045 045 045 045 014 045 045 045 045 045 045 045 045 045 045 014 045 045 045 045 045 044 044 014 014 014 014 014 014 014 014 014 014 014 014 014 014 014 014 014 014 014 014 014 014 014 014 014 014 014 014 014 014 014 014 014 014 014 014 014 014 014 014 014 014 014 014 014 014 014 014 014 015 014 015 015 015 015 037 037 039 039 039 037 039 039 040 040 041 041 041 042 042 042 042 042 042 043 043 044 045 045 045 045 045 045 047 
13                                                     047 047 047 047 047 047 046 046 014 046 046 046 046 046 046 046 046 046 046 014 046 046 046 045 045 045 045 045 045 045 014 045 045 045 045 045 045 045 045 045 045 014 045 045 045 045 045 044 044 014 014 014 014 014 014 014 014 014 014 014 014 014 014 014 014 014 014 014 014 014 014 014 014 014 014 014 014 014 014 014 014 014 014 014 014 014 014 014 014 014 014 014 014 014 014 014 014 014 015 014 015 015 015 015 037 037 039 039 039 037 039 039 040 040 041 041 041 042 042 042 042 042 042 043 043 044 045 045 045 045 045 045 047 
14                                                         047 047 047 047 047 046 046 014 046 046 046 046 046 046 046 046 046 046 014 046 046 046 045 045 045 045 045 045 045 014 045 045 045 045 045 045 045 045 045 045 014 045 045 045 045 045 044 044 014 014 014 014 014 014 014 014 014 014 014 014 014 014 014 014 014 014 014 014 014 014 014 014 014 014 014 014 014 014 014 014 014 014 014 014 014 014 014 014 014 014 014 014 014 014 014 014 014 015 014 015 015 015 015 037 037 039 039 039 037 039 039 040 040 041 041 041 042 042 042 042 042 042 043 043 044 045 045 045 045 045 045 047 
15                                                             047 047 047 047 046 046 014 046 046 046 046 046 046 046 046 046 046 014 046 046 046 045 045 045 045 045 045 045 014 045 045 045 045 045 045 045 045 045 045 014 045 045 045 045 045 044 044 014 014 014 014 014 014 014 014 014 014 014 014 014 014 014 014 014 014 014 014 014 014 014 014 014 014 014 014 014 014 014 014 014 014 014 014 014 014 014 014 014 014 014 014 014 014 014 014 014 015 014 015 015 015 015 037 037 039 039 039 037 039 039 040 040 041 041 041 042 042 042 042 042 042 043 043 044 045 045 045 045 045 045 047 
16                                                                 047 047 047 046 046 014 046 046 046 046 046 046 046 046 046 046 014 046 046 046 045 045 045 045 045 045 045 014 045 045 045 045 045 045 045 045 045 045 014 045 045 045 045 045 044 044 014 014 014 014 014 014 014 014 014 014 014 014 014 014 014 014 014 014 014 014 014 014 014 014 014 014 014 014 014 014 014 014 014 014 014 014 014 014 014 014 014 014 014 014 014 014 014 014 014 015 014 015 015 015 015 037 037 039 039 039 037 039 039 040 040 041 041 041 042 042 042 042 042 042 043 043 044 045 045 045 045 045 045 047 
17                                                                     047 047 046 046 014 046 046 046 046 046 046 046 046 046 046 014 046 046 046 045 045 045 045 045 045 045 014 045 045 045 045 045 045 045 045 045 045 014 045 045 045 045 045 044 044 014 014 014 014 014 014 014 014 014 014 014 014 014 014 014 014 014 014 014 014 014 014 014 014 014 014 014 014 014 014 014 014 014 014 014 014 014 014 014 014 014 014 014 014 014 014 014 014 014 015 014 015 015 015 015 037 037 039 039 039 037 039 039 040 040 041 041 041 042 042 042 042 042 042 043 043 044 045 045 045 045 045 045 047 
18                                                                         047 046 046 014 046 046 046 046 046 046 046 046 046 046 014 046 046 046 045 045 045 045 045 045 045 014 045 045 045 045 045 045 045 045 045 045 014 045 045 045 045 045 044 044 014 014 014 014 014 014 014 014 014 014 014 014 014 014 014 014 014 014 014 014 014 014 014 014 014 014 014 014 014 014 014 014 014 014 014 014 014 014 014 014 014 014 014 014 014 014 014 014 014 015 014 015 015 015 015 037 037 039 039 039 037 039 039 040 040 041 041 041 042 042 042 042 042 042 043 043 044 045 045 045 045 045 045 047 
19                                                                             047 047 014 047 047 047 047 047 047 047 047 047 047 014 047 047 047 046 046 045 045 045 045 045 014 045 045 045 045 045 045 045 045 045 045 014 045 045 045 045 045 044 044 014 014 014 014 014 014 014 014 014 014 014 014 014 014 014 014 014 014 014 014 014 014 014 014 014 014 014 014 014 014 014 014 014 014 014 014 014 014 014 014 014 014 014 014 014 014 014 014 014 015 014 015 015 015 015 037 037 039 039 039 037 039 039 040 040 041 041 041 042 042 042 042 042 042 043 043 044 045 045 045 045 045 045 046 
20                                                                                 047 014 047 047 047 047 047 047 047 047 047 047 014 047 047 047 046 046 045 045 045 045 045 014 045 045 045 045 045 045 045 045 045 045 014 045 045 045 045 045 044 044 014 014 014 014 014 014 014 014 014 014 014 014 014 014 014 014 014 014 014 014 014 014 014 014 014 014 014 014 014 014 014 014 014 014 014 014 014 014 014 014 014 014 014 014 014 014 014 014 014 015 014 015 015 015 015 037 037 039 039 039 037 039 039 040 040 041 041 041 042 042 042 042 042 042 043 043 044 045 045 045 045 045 045 046 
21                                                                                     017 014 014 014 014 014 014 014 014 014 014 017 014 014 014 014 014 014 014 014 014 014 016 014 014 014 014 014 014 014 014 014 014 016 014 014 014 014 014 014 014 016 016 016 016 016 016 016 016 016 016 016 016 016 016 016 016 016 016 016 016 016 016 016 016 016 016 016 016 016 016 016 016 016 016 016 016 016 016 016 016 016 016 016 016 016 016 016 016 016 016 016 016 016 016 016 016 016 016 016 016 016 016 016 016 016 016 015 015 015 015 015 015 015 015 015 015 014 014 014 014 014 014 014 014 
22                                                                                         047 047 047 047 047 047 047 047 047 047 014 047 047 047 046 046 045 045 045 045 045 014 045 045 045 045 045 045 045 045 045 045 014 045 045 045 045 045 044 044 014 014 014 014 014 014 014 014 014 014 014 014 014 014 014 014 014 014 014 014 014 014 014 014 014 014 014 014 014 014 014 014 014 014 014 014 014 014 014 014 014 014 014 014 014 014 014 014 014 015 014 015 015 015 015 037 037 039 039 039 037 039 039 040 040 041 041 041 042 042 042 042 042 042 043 043 044 045 045 045 045 045 045 046 
23                                                                                             047 047 047 047 047 047 047 047 047 014 047 047 047 046 046 045 045 045 045 045 014 045 045 045 045 045 045 045 045 045 045 014 045 045 045 045 045 044 044 014 014 014 014 014 014 014 014 014 014 014 014 014 014 014 014 014 014 014 014 014 014 014 014 014 014 014 014 014 014 014 014 014 014 014 014 014 014 014 014 014 014 014 014 014 014 014 014 014 015 014 015 015 015 015 037 037 039 039 039 037 039 039 040 040 041 041 041 042 042 042 042 042 042 043 043 044 045 045 045 045 045 045 046 
24                                                                                                 047 047 047 047 047 047 047 047 014 047 047 047 046 046 045 045 045 045 045 014 045 045 045 045 045 045 045 045 045 045 014 045 045 045 045 045 044 044 014 014 014 014 014 014 014 014 014 014 014 014 014 014 014 014 014 014 014 014 014 014 014 014 014 014 014 014 014 014 014 014 014 014 014 014 014 014 014 014 014 014 014 014 014 014 014 014 014 015 014 015 015 015 015 037 037 039 039 039 037 039 039 040 040 041 041 041 042 042 042 042 042 042 043 043 044 045 045 045 045 045 045 046 
25                                                                                                     047 047 047 047 047 047 047 014 047 047 047 046 046 045 045 045 045 045 014 045 045 045 045 045 045 045 045 045 045 014 045 045 045 045 045 044 044 014 014 014 014 014 014 014 014 014 014 014 014 014 014 014 014 014 014 014 014 014 014 014 014 014 014 014 014 014 014 014 014 014 014 014 014 014 014 014 014 014 014 014 014 014 014 014 014 014 015 014 015 015 015 015 037 037 039 039 039 037 039 039 040 040 041 041 041 042 042 042 042 042 042 043 043 044 045 045 045 045 045 045 046 
26                                                                                                         047 047 047 047 047 047 014 047 047 047 046 046 045 045 045 045 045 014 045 045 045 045 045 045 045 045 045 045 014 045 045 045 045 045 044 044 014 014 014 014 014 014 014 014 014 014 014 014 014 014 014 014 014 014 014 014 014 014 014 014 014 014 014 014 014 014 014 014 014 014 014 014 014 014 014 014 014 014 014 014 014 014 014 014 014 015 014 015 015 015 015 037 037 039 039 039 037 039 039 040 040 041 041 041 042 042 042 042 042 042 043 043 044 045 045 045 045 045 045 046 
27                                                                                                             047 047 047 047 047 014 047 047 047 046 046 045 045 045 045 045 014 045 045 045 045 045 045 045 045 045 045 014 045 045 045 045 045 044 044 014 014 014 014 014 014 014 014 014 014 014 014 014 014 014 014 014 014 014 014 014 014 014 014 014 014 014 014 014 014 014 014 014 014 014 014 014 014 014 014 014 014 014 014 014 014 014 014 014 015 014 015 015 015 015 037 037 039 039 039 037 039 039 040 040 041 041 041 042 042 042 042 042 042 043 043 044 045 045 045 045 045 045 046 
28                                                                                                                 047 047 047 047 014 047 047 047 046 046 045 045 045 045 045 014 045 045 045 045 045 045 045 045 045 045 014 045 045 045 045 045 044 044 014 014 014 014 014 014 014 014 014 014 014 014 014 014 014 014 014 014 014 014 014 014 014 014 014 014 014 014 014 014 014 014 014 014 014 014 014 014 014 014 014 014 014 014 014 014 014 014 014 015 014 015 015 015 015 037 037 039 039 039 037 039 039 040 040 041 041 041 042 042 042 042 042 042 043 043 044 045 045 045 045 045 045 046 
29                                                                                                                     047 047 047 014 047 047 047 046 046 045 045 045 045 045 014 045 045 045 045 045 045 045 045 045 045 014 045 045 045 045 045 044 044 014 014 014 014 014 014 014 014 014 014 014 014 014 014 014 014 014 014 014 014 014 014 014 014 014 014 014 014 014 014 014 014 014 014 014 014 014 014 014 014 014 014 014 014 014 014 014 014 014 015 014 015 015 015 015 037 037 039 039 039 037 039 039 040 040 041 041 041 042 042 042 042 042 042 043 043 044 045 045 045 045 045 045 046 
30                                                                                                                         047 047 014 047 047 047 046 046 045 045 045 045 045 014 045 045 045 045 045 045 045 045 045 045 014 045 045 045 045 045 044 044 014 014 014 014 014 014 014 014 014 014 014 014 014 014 014 014 014 014 014 014 014 014 014 014 014 014 014 014 014 014 014 014 014 014 014 014 014 014 014 014 014 014 014 014 014 014 014 014 014 015 014 015 015 015 015 037 037 039 039 039 037 039 039 040 040 041 041 041 042 042 042 042 042 042 043 043 044 045 045 045 045 045 045 046 
31                                                                                                                             047 014 047 047 047 046 046 045 045 045 045 045 014 045 045 045 045 045 045 045 045 045 045 014 045 045 045 045 045 044 044 014 014 014 014 014 014 014 014 014 014 014 014 014 014 014 014 014 014 014 014 014 014 014 014 014 014 014 014 014 014 014 014 014 014 014 014 014 014 014 014 014 014 014 014 014 014 014 014 014 015 014 015 015 015 015 037 037 039 039 039 037 039 039 040 040 041 041 041 042 042 042 042 042 042 043 043 044 045 045 045 045 045 045 046 
32                                                                                                                                 017 014 014 014 014 014 014 014 014 014 014 016 014 014 014 014 014 014 014 014 014 014 016 014 014 014 014 014 014 014 016 016 016 016 016 016 016 016 016 016 016 016 016 016 016 016 016 016 016 016 016 016 016 016 016 016 016 016 016 016 016 016 016 016 016 016 016 016 016 016 016 016 016 016 016 016 016 016 016 016 016 016 016 016 016 016 016 016 016 016 016 016 016 016 016 016 015 015 015 015 015 015 015 015 015 015 014 014 014 014 014 014 014 014 
33                                                                                                                                     047 047 047 046 046 045 045 045 045 045 014 045 045 045 045 045 045 045 045 045 045 014 045 045 045 045 045 044 044 014 014 014 014 014 014 014 014 014 014 014 014 014 014 014 014 014 014 014 014 014 014 014 014 014 014 014 014 014 014 014 014 014 014 014 014 014 014 014 014 014 014 014 014 014 014 014 014 014 015 014 015 015 015 015 037 037 039 039 039 037 039 039 040 040 041 041 041 042 042 042 042 042 042 043 043 044 045 045 045 045 045 045 046 
34                                                                                                                                         047 047 046 046 045 045 045 045 045 014 045 045 045 045 045 045 045 045 045 045 014 045 045 045 045 045 044 044 014 014 014 014 014 014 014 014 014 014 014 014 014 014 014 014 014 014 014 014 014 014 014 014 014 014 014 014 014 014 014 014 014 014 014 014 014 014 014 014 014 014 014 014 014 014 014 014 014 015 014 015 015 015 015 037 037 039 039 039 037 039 039 040 040 041 041 041 042 042 042 042 042 042 043 043 044 045 045 045 045 045 045 046 
35                                                                                                                                             047 046 046 045 045 045 045 045 014 045 045 045 045 045 045 045 045 045 045 014 045 045 045 045 045 044 044 014 014 014 014 014 014 014 014 014 014 014 014 014 014 014 014 014 014 014 014 014 014 014 014 014 014 014 014 014 014 014 014 014 014 014 014 014 014 014 014 014 014 014 014 014 014 014 014 014 015 014 015 015 015 015 037 037 039 039 039 037 039 039 040 040 041 041 041 042 042 042 042 042 042 043 043 044 045 045 045 045 045 045 046 
36                                                                                                                                                 047 047 046 046 046 045 045 014 045 045 045 045 045 045 045 045 045 045 014 045 045 045 045 045 044 044 014 014 014 014 014 014 014 014 014 014 014 014 014 014 014 014 014 014 014 014 014 014 014 014 014 014 014 014 014 014 014 014 014 014 014 014 014 014 014 014 014 014 014 014 014 014 014 014 014 015 014 015 015 015 015 037 037 039 039 039 037 039 039 040 040 041 041 041 042 042 042 042 042 042 043 043 043 044 044 044 044 044 044 045 
37                                                                                                                                                     047 046 046 046 045 045 014 045 045 045 045 045 045 045 045 045 045 014 045 045 045 045 045 044 044 014 014 014 014 014 014 014 014 014 014 014 014 014 014 014 014 014 014 014 014 014 014 014 014 014 014 014 014 014 014 014 014 014 014 014 014 014 014 014 014 014 014 014 014 014 014 014 014 014 015 014 015 015 015 015 037 037 039 039 039 037 039 039 040 040 041 041 041 042 042 042 042 042 042 043 043 043 044 044 044 044 044 044 045 
38                                                                                                                                                         047 047 047 045 045 014 045 045 045 045 045 045 045 045 045 045 014 045 045 045 045 045 044 044 014 014 014 014 014 014 014 014 014 014 014 014 014 014 014 014 014 014 014 014 014 014 014 014 014 014 014 014 014 014 014 014 014 014 014 014 014 014 014 014 014 014 014 014 014 014 014 014 014 015 014 015 015 015 015 037 037 039 039 039 037 039 039 040 040 041 041 041 042 042 042 042 042 042 043 043 043 044 044 044 044 044 044 045 
39                                                                                                                                                             047 047 045 045 014 045 045 045 045 045 045 045 045 045 045 014 045 045 045 045 045 044 044 014 014 014 014 014 014 014 014 014 014 014 014 014 014 014 014 014 014 014 014 014 014 014 014 014 014 014 014 014 014 014 014 014 014 014 014 014 014 014 014 014 014 014 014 014 014 014 014 014 015 014 015 015 015 015 037 037 039 039 039 037 039 039 040 040 041 041 041 042 042 042 042 042 042 043 043 043 044 044 044 044 044 044 045 
40                                                                                                                                                                 047 045 045 014 045 045 045 045 045 045 045 045 045 045 014 045 045 045 045 045 044 044 014 014 014 014 014 014 014 014 014 014 014 014 014 014 014 014 014 014 014 014 014 014 014 014 014 014 014 014 014 014 014 014 014 014 014 014 014 014 014 014 014 014 014 014 014 014 014 014 014 015 014 015 015 015 015 037 037 039 039 039 037 039 039 040 040 041 041 041 042 042 042 042 042 042 043 043 043 044 044 044 044 044 044 045 
41                                                                                                                                                                     047 047 014 047 047 047 047 047 047 047 047 047 047 014 047 047 047 047 047 046 046 014 014 014 014 014 014 014 014 014 014 014 014 014 014 014 014 014 014 014 014 014 014 014 014 014 014 014 014 014 014 014 014 014 014 014 014 014 014 014 014 014 014 014 014 014 014 014 014 014 015 014 015 015 015 015 037 037 039 039 039 037 039 039 040 040 041 041 041 042 042 042 042 042 042 043 043 043 044 044 044 044 044 044 045 
42                                                                                                                                                                         047 014 047 047 047 047 047 047 047 047 047 047 014 047 047 047 047 047 046 046 014 014 014 014 014 014 014 014 014 014 014 014 014 014 014 014 014 014 014 014 014 014 014 014 014 014 014 014 014 014 014 014 014 014 014 014 014 014 014 014 014 014 014 014 014 014 014 014 014 015 014 015 015 015 015 037 037 039 039 039 037 039 039 040 040 041 041 041 042 042 042 042 042 042 043 043 043 044 044 044 044 044 044 045 
43                                                                                                                                                                             017 014 014 014 014 014 014 014 014 014 014 017 014 014 014 014 014 014 014 016 016 016 016 016 016 016 016 016 016 016 016 016 016 016 016 016 016 016 016 016 016 016 016 016 016 016 016 016 016 016 016 016 016 016 016 016 016 016 016 016 016 016 016 016 016 016 016 016 016 017 016 016 016 016 016 016 016 016 016 016 016 016 016 016 016 015 015 015 015 015 015 015 015 015 015 014 014 014 014 014 014 014 014 
44                                                                                                                                                                                 047 047 047 047 047 047 047 047 047 047 014 047 047 047 047 047 046 046 014 014 014 014 014 014 014 014 014 014 014 014 014 014 014 014 014 014 014 014 014 014 014 014 014 014 014 014 014 014 014 014 014 014 014 014 014 014 014 014 014 014 014 014 014 014 014 014 014 015 014 015 015 015 015 037 037 039 039 039 037 039 039 040 040 041 041 041 042 042 042 042 042 042 043 043 043 044 044 044 044 044 044 045 
45                                                                                                                                                                                     047 047 047 047 047 047 047 047 047 014 047 047 047 047 047 046 046 014 014 014 014 014 014 014 014 014 014 014 014 014 014 014 014 014 014 014 014 014 014 014 014 014 014 014 014 014 014 014 014 014 014 014 014 014 014 014 014 014 014 014 014 014 014 014 014 014 015 014 015 015 015 015 037 037 039 039 039 037 039 039 040 040 041 041 041 042 042 042 042 042 042 043 043 043 044 044 044 044 044 044 045 
46                                                                                                                                                                                         047 047 047 047 047 047 047 047 014 047 047 047 047 047 046 046 014 014 014 014 014 014 014 014 014 014 014 014 014 014 014 014 014 014 014 014 014 014 014 014 014 014 014 014 014 014 014 014 014 014 014 014 014 014 014 014 014 014 014 014 014 014 014 014 014 015 014 015 015 015 015 037 037 039 039 039 037 039 039 040 040 041 041 041 042 042 042 042 042 042 043 043 043 044 044 044 044 044 044 045 
47                                                                                                                                                                                             048 048 048 047 047 047 047 014 047 047 047 047 047 046 046 014 014 014 014 014 014 014 014 014 014 014 014 014 014 014 014 014 014 014 014 014 014 014 014 014 014 014 014 014 014 014 014 014 014 014 014 014 014 014 014 014 014 014 014 014 014 014 014 014 015 014 015 015 015 015 037 037 039 039 039 037 039 039 040 040 041 041 041 042 042 042 042 042 042 043 043 043 044 044 044 044 044 044 045 
48                                                                                                                                                                                                 048 048 047 047 047 047 014 047 047 047 047 047 046 046 014 014 014 014 014 014 014 014 014 014 014 014 014 014 014 014 014 014 014 014 014 014 014 014 014 014 014 014 014 014 014 014 014 014 014 014 014 014 014 014 014 014 014 014 014 014 014 014 014 015 014 015 015 015 015 037 037 039 039 039 037 039 039 040 040 041 041 041 042 042 042 042 042 042 043 043 043 044 044 044 044 044 044 045 
49                                                                                                                                                                                                     048 047 047 047 047 014 047 047 047 047 047 046 046 014 014 014 014 014 014 014 014 014 014 014 014 014 014 014 014 014 014 014 014 014 014 014 014 014 014 014 014 014 014 014 014 014 014 014 014 014 014 014 014 014 014 014 014 014 014 014 014 014 015 014 015 015 015 015 037 037 039 039 039 037 039 039 040 040 041 041 041 042 042 042 042 042 042 043 043 043 044 044 044 044 044 044 045 
50                                                                                                                                                                                                         048 048 048 048 014 048 048 048 048 048 047 047 014 014 014 014 014 014 014 014 014 014 014 014 014 014 014 014 014 014 014 014 014 014 014 014 014 014 014 014 014 014 014 014 014 014 014 014 014 014 014 014 014 014 014 014 014 014 014 014 014 015 014 015 015 015 015 037 037 039 039 039 037 039 039 040 040 041 041 041 042 042 042 042 042 042 043 043 043 044 044 044 044 044 044 045 
51                                                                                                                                                                                                             048 048 048 014 048 048 048 048 048 047 047 014 014 014 014 014 014 014 014 014 014 014 014 014 014 014 014 014 014 014 014 014 014 014 014 014 014 014 014 014 014 014 014 014 014 014 014 014 014 014 014 014 014 014 014 014 014 014 014 014 015 014 015 015 015 015 037 037 039 039 039 037 039 039 040 040 041 041 041 042 042 042 042 042 042 043 043 043 044 044 044 044 044 044 045 
52                                                                                                                                                                                                                 048 048 014 048 048 048 048 048 047 047 014 014 014 014 014 014 014 014 014 014 014 014 014 014 014 014 014 014 014 014 014 014 014 014 014 014 014 014 014 014 014 014 014 014 014 014 014 014 014 014 014 014 014 014 014 014 014 014 014 015 014 015 015 015 015 037 037 039 039 039 037 039 039 040 040 041 041 041 042 042 042 042 042 042 043 043 043 044 044 044 044 044 044 045 
53                                                                                                                                                                                                                     048 014 048 048 048 048 048 047 047 014 014 014 014 014 014 014 014 014 014 014 014 014 014 014 014 014 014 014 014 014 014 014 014 014 014 014 014 014 014 014 014 014 014 014 014 014 014 014 014 014 014 014 014 014 014 014 014 014 015 014 015 015 015 015 037 037 039 039 039 037 039 039 040 040 041 041 041 042 042 042 042 042 042 043 043 043 044 044 044 044 044 044 045 
54                                                                                                                                                                                                                         017 014 014 014 014 014 014 014 016 016 016 016 016 016 016 016 016 016 016 016 016 016 016 016 016 016 016 016 016 016 016 016 016 016 016 016 016 016 016 016 016 016 016 016 016 016 016 016 016 016 016 016 016 016 016 016 016 016 017 016 016 016 016 016 016 016 016 016 016 016 016 016 016 016 015 015 015 015 015 015 015 015 015 015 014 014 014 014 014 014 014 014 
55                                                                                                                                                                                                                             048 048 048 048 048 047 047 014 014 014 014 014 014 014 014 014 014 014 014 014 014 014 014 014 014 014 014 014 014 014 014 014 014 014 014 014 014 014 014 014 014 014 014 014 014 014 014 014 014 014 014 014 014 014 014 014 015 014 015 015 015 015 037 037 039 039 039 037 039 039 040 040 041 041 041 042 042 042 042 042 042 043 043 043 044 044 044 044 044 044 045 
56                                                                                                                                                                                                                                 048 048 048 048 047 047 014 014 014 014 014 014 014 014 014 014 014 014 014 014 014 014 014 014 014 014 014 014 014 014 014 014 014 014 014 014 014 014 014 014 014 014 014 014 014 014 014 014 014 014 014 014 014 014 014 015 014 015 015 015 015 037 037 039 039 039 037 039 039 040 040 041 041 041 042 042 042 042 042 042 043 043 043 044 044 044 044 044 044 045 
57                                                                                                                                                                                                                                     048 048 048 047 047 014 014 014 014 014 014 014 014 014 014 014 014 014 014 014 014 014 014 014 014 014 014 014 014 014 014 014 014 014 014 014 014 014 014 014 014 014 014 014 014 014 014 014 014 014 014 014 014 014 015 014 015 015 015 015 037 037 039 039 039 037 039 039 040 040 041 041 041 042 042 042 042 042 042 043 043 043 044 044 044 044 044 044 045 
58                                                                                                                                                                                                                                         048 048 047 047 014 014 014 014 014 014 014 014 014 014 014 014 014 014 014 014 014 014 014 014 014 014 014 014 014 014 014 014 014 014 014 014 014 014 014 014 014 014 014 014 014 014 014 014 014 014 014 014 014 015 014 015 015 015 015 037 037 039 039 039 037 039 039 040 040 041 041 041 042 042 042 042 042 042 043 043 043 044 044 044 044 044 044 045 
59                                                                                                                                                                                                                                             048 047 047 014 014 014 014 014 014 014 014 014 014 014 014 014 014 014 014 014 014 014 014 014 014 014 014 014 014 014 014 014 014 014 014 014 014 014 014 014 014 014 014 014 014 014 014 014 014 014 014 014 015 014 015 015 015 015 037 037 039 039 039 037 039 039 040 040 041 041 041 042 042 042 042 042 042 043 043 043 044 044 044 044 044 044 045 
60                                                                                                                                                                                                                                                 048 048 014 014 014 014 014 014 014 014 014 014 014 014 014 014 014 014 014 014 014 014 014 014 014 014 014 014 014 014 014 014 014 014 014 014 014 014 014 014 014 014 014 014 014 014 014 014 014 014 014 015 014 015 015 015 015 037 037 039 039 039 037 039 039 040 040 040 040 040 041 041 041 041 041 041 042 042 042 043 043 043 043 043 043 044 
61                                                                                                                                                                                                                                                     048 014 014 014 014 014 014 014 014 014 014 014 014 014 014 014 014 014 014 014 014 014 014 014 014 014 014 014 014 014 014 014 014 014 014 014 014 014 014 014 014 014 014 014 014 014 014 014 014 014 015 014 015 015 015 015 037 037 039 039 039 037 039 039 040 040 040 040 040 041 041 041 041 041 041 042 042 042 043 043 043 043 043 043 044 
62                                                                                                                                                                                                                                                         017 017 016 016 016 016 016 016 016 016 016 016 016 016 016 016 016 016 016 016 016 016 016 016 016 016 016 016 016 016 016 016 016 016 016 016 016 016 016 016 016 016 016 016 016 016 016 016 016 016 016 016 016 016 016 016 016 016 016 016 016 016 016 016 016 016 015 015 015 015 015 015 015 015 015 015 014 014 014 014 014 014 014 014 
63                                                                                                                                                                                                                                                             017 016 016 016 016 016 016 016 016 016 016 016 016 016 016 016 016 016 016 016 016 016 016 016 016 016 016 016 016 016 016 016 016 016 016 016 016 016 016 016 016 016 016 016 016 016 016 016 016 016 016 016 016 016 016 016 016 016 016 016 016 016 016 016 016 015 015 015 015 015 015 015 015 015 015 014 014 014 014 014 014 014 014 
64                                                                                                                                                                                                                                                                 017 017 017 017 016 016 016 016 016 016 016 016 016 016 016 016 016 016 016 016 016 016 016 016 016 016 016 016 016 016 016 016 016 016 016 016 016 016 016 016 016 016 016 016 016 016 016 016 016 016 016 016 016 016 016 016 016 016 016 016 016 016 016 016 015 015 015 015 015 015 015 015 015 015 014 014 014 014 014 014 014 014 
65                                                                                                                                                                                                                                                                     017 017 017 016 016 016 016 016 016 016 016 016 016 016 016 016 016 016 016 016 016 016 016 016 016 016 016 016 016 016 016 016 016 016 016 016 016 016 016 016 016 016 016 016 016 016 016 016 016 016 016 016 016 016 016 016 016 016 016 016 016 016 016 015 015 015 015 015 015 015 015 015 015 014 014 014 014 014 014 014 014 
66                                                                                                                                                                                                                                                                         017 017 016 016 016 016 016 016 016 016 016 016 016 016 016 016 016 016 016 016 016 016 016 016 016 016 016 016 016 016 016 016 016 016 016 016 016 016 016 016 016 016 016 016 016 016 016 016 016 016 016 016 016 016 016 016 016 016 016 016 016 016 015 015 015 015 015 015 015 015 015 015 014 014 014 014 014 014 014 014 
67                                                                                                                                                                                                                                                                             017 016 016 016 016 016 016 016 016 016 016 016 016 016 016 016 016 016 016 016 016 016 016 016 016 016 016 016 016 016 016 016 016 016 016 016 016 016 016 016 016 016 016 016 016 016 016 016 016 016 016 016 016 016 016 016 016 016 016 016 016 015 015 015 015 015 015 015 015 015 015 014 014 014 014 014 014 014 014 
68                                                                                                                                                                                                                                                                                 017 017 016 016 016 016 016 016 016 016 016 016 016 016 016 016 016 016 016 016 016 016 016 016 016 016 016 016 016 016 016 016 016 016 016 016 016 016 016 016 016 016 016 016 016 016 016 016 016 016 016 016 016 016 016 016 016 016 016 016 015 015 015 015 015 015 015 015 015 015 014 014 014 014 014 014 014 014 
69                                                                                                                                                                                                                                                                                     017 016 016 016 016 016 016 016 016 016 016 016 016 016 016 016 016 016 016 016 016 016 016 016 016 016 016 016 016 016 016 016 016 016 016 016 016 016 016 016 016 016 016 016 016 016 016 016 016 016 016 016 016 016 016 016 016 016 016 015 015 015 015 015 015 015 015 015 015 014 014 014 014 014 014 014 014 
70                                                                                                                                                                                                                                                                                         017 017 017 016 016 016 016 016 016 016 016 016 016 016 016 016 016 016 016 016 016 016 016 016 016 016 016 016 016 016 016 016 016 016 016 016 016 016 016 016 016 016 016 016 016 016 016 016 016 016 016 016 016 016 016 016 016 016 015 015 015 015 015 015 015 015 015 015 014 014 014 014 014 014 014 014 
71                                                                                                                                                                                                                                                                                             017 017 016 016 016 016 016 016 016 016 016 016 016 016 016 016 016 016 016 016 016 016 016 016 016 016 016 016 016 016 016 016 016 016 016 016 016 016 016 016 016 016 016 016 016 016 016 016 016 016 016 016 016 016 016 016 016 015 015 015 015 015 015 015 015 015 015 014 014 014 014 014 014 014 014 
72                                                                                                                                                                                                                                                                                                 017 016 016 016 016 016 016 016 016 016 016 016 016 016 016 016 016 016 016 016 016 016 016 016 016 016 016 016 016 016 016 016 016 016 016 016 016 016 016 016 016 016 016 016 016 016 016 016 016 016 016 016 016 016 016 016 015 015 015 015 015 015 015 015 015 015 014 014 014 014 014 014 014 014 
73                                                                                                                                                                                                                                                                                                     017 017 017 017 017 016 016 016 016 016 016 016 016 016 016 016 016 016 016 016 016 016 016 016 016 016 016 016 016 016 016 016 016 016 016 016 016 016 016 016 016 016 016 016 016 016 016 016 016 016 016 016 016 016 016 015 015 015 015 015 015 015 015 015 015 014 014 014 014 014 014 014 014 
74                                                                                                                                                                                                                                                                                                         017 017 017 017 016 016 016 016 016 016 016 016 016 016 016 016 016 016 016 016 016 016 016 016 016 016 016 016 016 016 016 016 016 016 016 016 016 016 016 016 016 016 016 016 016 016 016 016 016 016 016 016 016 016 015 015 015 015 015 015 015 015 015 015 014 014 014 014 014 014 014 014 
75                                                                                                                                                                                                                                                                                                             017 017 017 016 016 016 016 016 016 016 016 016 016 016 016 016 016 016 016 016 016 016 016 016 016 016 016 016 016 016 016 016 016 016 016 016 016 016 016 016 016 016 016 016 016 016 016 016 016 016 016 016 016 015 015 015 015 015 015 015 015 015 015 014 014 014 014 014 014 014 014 
76                                                                                                                                                                                                                                                                                                                 017 017 016 016 016 016 016 016 016 016 016 016 016 016 016 016 016 016 016 016 016 016 016 016 016 016 016 016 016 016 016 016 016 016 016 016 016 016 016 016 016 016 016 016 016 016 016 016 016 016 016 016 015 015 015 015 015 015 015 015 015 015 014 014 014 014 014 014 014 014 
77                                                                                                                                                                                                                                                                                                                     017 016 016 016 016 016 016 016 016 016 016 016 016 016 016 016 016 016 016 016 016 016 016 016 016 016 016 016 016 016 016 016 016 016 016 016 016 016 016 016 016 016 016 016 016 016 016 016 016 016 016 015 015 015 015 015 015 015 015 015 015 014 014 014 014 014 014 014 014 
78                                                                                                                                                                                                                                                                                                                         017 017 017 017 016 016 016 016 016 016 016 016 016 016 016 016 016 016 016 016 016 016 016 016 016 016 016 016 016 016 016 016 016 016 016 016 016 016 016 016 016 016 016 016 016 016 016 016 016 016 015 015 015 015 015 015 015 015 015 015 014 014 014 014 014 014 014 014 
79                                                                                                                                                                                                                                                                                                                             017 017 017 016 016 016 016 016 016 016 016 016 016 016 016 016 016 016 016 016 016 016 016 016 016 016 016 016 016 016 016 016 016 016 016 016 016 016 016 016 016 016 016 016 016 016 016 016 016 015 015 015 015 015 015 015 015 015 015 014 014 014 014 014 014 014 014 
80                                                                                                                                                                                                                                                                                                                                 017 017 016 016 016 016 016 016 016 016 016 016 016 016 016 016 016 016 016 016 016 016 016 016 016 016 016 016 016 016 016 016 016 016 016 016 016 016 016 016 016 016 016 016 016 016 016 016 015 015 015 015 015 015 015 015 015 015 014 014 014 014 014 014 014 014 
81                                                                                                                                                                                                                                                                                                                                     017 016 016 016 016 016 016 016 016 016 016 016 016 016 016 016 016 016 016 016 016 016 016 016 016 016 016 016 016 016 016 016 016 016 016 016 016 016 016 016 016 016 016 016 016 016 016 015 015 015 015 015 015 015 015 015 015 014 014 014 014 014 014 014 014 
82                                                                                                                                                                                                                                                                                                                                         017 017 017 017 017 017 017 016 016 017 017 017 016 016 016 017 017 016 016 017 017 017 017 017 017 017 016 017 017 016 016 016 016 016 016 016 016 016 016 016 016 016 016 016 016 016 015 015 015 015 015 015 015 015 015 015 014 014 014 014 014 014 014 014 
83                                                                                                                                                                                                                                                                                                                                             017 017 017 017 017 017 016 016 017 017 017 016 016 016 017 017 016 016 017 017 017 017 017 017 017 016 017 017 016 016 016 016 016 016 016 016 016 016 016 016 016 016 016 016 016 015 015 015 015 015 015 015 015 015 015 014 014 014 014 014 014 014 014 
84                                                                                                                                                                                                                                                                                                                                                 017 017 017 017 017 016 016 017 017 017 016 016 016 017 017 016 016 017 017 017 017 017 017 017 016 017 017 016 016 016 016 016 016 016 016 016 016 016 016 016 016 016 016 016 015 015 015 015 015 015 015 015 015 015 014 014 014 014 014 014 014 014 
85                                                                                                                                                                                                                                                                                                                                                     017 017 017 017 016 016 017 017 017 016 016 016 017 017 016 016 017 017 017 017 017 017 017 016 017 017 016 016 016 016 016 016 016 016 016 016 016 016 016 016 016 016 016 015 015 015 015 015 015 015 015 015 015 014 014 014 014 014 014 014 014 
86                                                                                                                                                                                                                                                                                                                                                         017 017 017 016 016 017 017 017 016 016 016 017 017 016 016 017 017 017 017 017 017 017 016 017 017 016 016 016 016 016 016 016 016 016 016 016 016 016 016 016 016 016 015 015 015 015 015 015 015 015 015 015 014 014 014 014 014 014 014 014 
87                                                                                                                                                                                                                                                                                                                                                             017 017 016 016 017 017 017 016 016 016 017 017 016 016 017 017 017 017 017 017 017 016 017 017 016 016 016 016 016 016 016 016 016 016 016 016 016 016 016 016 016 015 015 015 015 015 015 015 015 015 015 014 014 014 014 014 014 014 014 
88                                                                                                                                                                                                                                                                                                                                                                 017 016 016 017 017 017 016 016 016 017 017 016 016 017 017 017 017 017 017 017 016 017 017 016 016 016 016 016 016 016 016 016 016 016 016 016 016 016 016 016 015 015 015 015 015 015 015 015 015 015 014 014 014 014 014 014 014 014 
89                                                                                                                                                                                                                                                                                                                                                                     017 017 016 016 016 016 016 016 016 016 017 017 016 016 016 016 016 016 016 017 016 016 016 016 016 016 016 016 016 016 016 016 016 016 016 016 016 016 016 015 015 015 015 015 015 015 015 015 015 014 014 014 014 014 014 014 014 
90                                                                                                                                                                                                                                                                                                                                                                         017 016 016 016 016 016 016 016 016 017 017 016 016 016 016 016 016 016 017 016 016 016 016 016 016 016 016 016 016 016 016 016 016 016 016 016 016 016 015 015 015 015 015 015 015 015 015 015 014 014 014 014 014 014 014 014 
91                                                                                                                                                                                                                                                                                                                                                                             017 017 017 016 016 016 017 017 016 016 017 017 017 017 017 017 017 016 017 017 016 016 016 016 016 016 016 016 016 016 016 016 016 016 016 016 016 015 015 015 015 015 015 015 015 015 015 014 014 014 014 014 014 014 014 
92                                                                                                                                                                                                                                                                                                                                                                                 017 017 016 016 016 017 017 016 016 017 017 017 017 017 017 017 016 017 017 016 016 016 016 016 016 016 016 016 016 016 016 016 016 016 016 016 015 015 015 015 015 015 015 015 015 015 014 014 014 014 014 014 014 014 
93                                                                                                                                                                                                                                                                                                                                                                                     017 016 016 016 017 017 016 016 017 017 017 017 017 017 017 016 017 017 016 016 016 016 016 016 016 016 016 016 016 016 016 016 016 016 016 015 015 015 015 015 015 015 015 015 015 014 014 014 014 014 014 014 014 
94                                                                                                                                                                                                                                                                                                                                                                                         017 017 016 016 016 016 016 016 016 016 016 016 016 016 016 016 016 016 016 016 016 016 016 016 016 016 016 016 016 016 016 016 016 016 015 015 015 015 015 015 015 015 015 015 014 014 014 014 014 014 014 014 
95                                                                                                                                                                                                                                                                                                                                                                                             017 016 016 016 016 016 016 016 016 016 016 016 016 016 016 016 016 016 016 016 016 016 016 016 016 016 016 016 016 016 016 016 016 015 015 015 015 015 015 015 015 015 015 014 014 014 014 014 014 014 014 
96                                                                                                                                                                                                                                                                                                                                                                                                 017 016 016 016 016 016 016 016 016 016 016 016 016 016 016 016 016 016 016 016 016 016 016 016 016 016 016 016 016 016 016 016 015 015 015 015 015 015 015 015 015 015 014 014 014 014 014 014 014 014 
97                                                                                                                                                                                                                                                                                                                                                                                                     017 017 016 016 017 017 017 017 017 017 017 016 017 017 016 016 016 016 016 016 016 016 016 016 016 016 016 016 016 016 016 015 015 015 015 015 015 015 015 015 015 014 014 014 014 014 014 014 014 
98                                                                                                                                                                                                                                                                                                                                                                                                         017 016 016 017 017 017 017 017 017 017 016 017 017 016 016 016 016 016 016 016 016 016 016 016 016 016 016 016 016 016 015 015 015 015 015 015 015 015 015 015 014 014 014 014 014 014 014 014 
99                                                                                                                                                                                                                                                                                                                                                                                                             017 017 016 016 016 016 016 016 016 017 016 016 016 016 016 016 016 016 016 016 016 016 016 016 016 016 016 016 016 015 015 015 015 015 015 015 015 015 015 014 014 014 014 014 014 014 014 
100                                                                                                                                                                                                                                                                                                                                                                                                                 017 016 016 016 016 016 016 016 017 016 016 016 016 016 016 016 016 016 016 016 016 016 016 016 016 016 016 016 015 015 015 015 015 015 015 015 015 015 014 014 014 014 014 014 014 014 
101                                                                                                                                                                                                                                                                                                                                                                                                                     017 017 017 017 017 017 017 016 017 017 016 016 016 016 016 016 016 016 016 016 016 016 016 016 016 016 016 015 015 015 015 015 015 015 015 015 015 014 014 014 014 014 014 014 014 
102                                                                                                                                                                                                                                                                                                                                                                                                                         017 017 017 017 017 017 016 017 017 016 016 016 016 016 016 016 016 016 016 016 016 016 016 016 016 016 015 015 015 015 015 015 015 015 015 015 014 014 014 014 014 014 014 014 
103                                                                                                                                                                                                                                                                                                                                                                                                                             017 017 017 017 017 016 017 017 016 016 016 016 016 016 016 016 016 016 016 016 016 016 016 016 016 015 015 015 015 015 015 015 015 015 015 014 014 014 014 014 014 014 014 
104                                                                                                                                                                                                                                                                                                                                                                                                                                 017 017 017 017 016 017 017 016 016 016 016 016 016 016 016 016 016 016 016 016 016 016 016 016 015 015 015 015 015 015 015 015 015 015 014 014 014 014 014 014 014 014 
105                                                                                                                                                                                                                                                                                                                                                                                                                                     017 017 017 016 017 017 016 016 016 016 016 016 016 016 016 016 016 016 016 016 016 016 016 015 015 015 015 015 015 015 015 015 015 014 014 014 014 014 014 014 014 
106                                                                                                                                                                                                                                                                                                                                                                                                                                         017 017 016 017 017 016 016 016 016 016 016 016 016 016 016 016 016 016 016 016 016 016 015 015 015 015 015 015 015 015 015 015 014 014 014 014 014 014 014 014 
107                                                                                                                                                                                                                                                                                                                                                                                                                                             017 016 017 017 016 016 016 016 016 016 016 016 016 016 016 016 016 016 016 016 016 015 015 015 015 015 015 015 015 015 015 014 014 014 014 014 014 014 014 
108                                                                                                                                                                                                                                                                                                                                                                                                                                                 017 016 016 016 016 016 016 016 016 016 016 016 016 016 016 016 016 016 016 016 015 015 015 015 015 015 015 015 015 015 014 014 014 014 014 014 014 014 
109                                                                                                                                                                                                                                                                                                                                                                                                                                                     017 017 016 016 016 016 016 016 016 016 016 016 016 016 016 016 016 016 016 015 015 015 015 015 015 015 015 015 015 014 014 014 014 014 014 014 014 
110                                                                                                                                                                                                                                                                                                                                                                                                                                                         017 016 016 016 016 016 016 016 016 016 016 016 016 016 016 016 016 016 015 015 015 015 015 015 015 015 015 015 014 014 014 014 014 014 014 014 
111                                                                                                                                                                                                                                                                                                                                                                                                                                                             017 016 017 017 017 017 017 017 017 017 017 017 017 017 017 017 017 016 016 016 016 016 016 016 016 016 016 015 015 015 015 015 015 015 015 
112                                                                                                                                                                                                                                                                                                                                                                                                                                                                 017 016 016 016 016 016 016 016 016 016 016 016 016 016 016 016 015 015 015 015 015 015 015 015 015 015 014 014 014 014 014 014 014 014 
113                                                                                                                                                                                                                                                                                                                                                                                                                                                                     017 017 017 017 017 017 017 017 017 017 017 017 017 017 017 016 016 016 016 016 016 016 016 016 016 015 015 015 015 015 015 015 015 
114                                                                                                                                                                                                                                                                                                                                                                                                                                                                         017 017 017 017 017 017 017 017 017 017 017 017 017 017 016 016 016 016 016 016 016 016 016 016 015 015 015 015 015 015 015 015 
115                                                                                                                                                                                                                                                                                                                                                                                                                                                                             017 017 017 017 017 017 017 017 017 017 017 017 017 016 016 016 016 016 016 016 016 016 016 015 015 015 015 015 015 015 015 
116                                                                                                                                                                                                                                                                                                                                                                                                                                                                                 017 017 017 017 017 017 017 017 017 017 017 017 016 016 016 016 016 016 016 016 016 016 015 015 015 015 015 015 015 015 
117                                                                                                                                                                                                                                                                                                                                                                                                                                                                                     040 040 039 039 039 040 039 039 039 039 039 038 038 038 038 038 038 038 038 038 038 037 037 037 037 037 037 037 037 
118                                                                                                                                                                                                                                                                                                                                                                                                                                                                                         040 039 039 039 040 039 039 039 039 039 038 038 038 038 038 038 038 038 038 038 037 037 037 037 037 037 037 037 
119                                                                                                                                                                                                                                                                                                                                                                                                                                                                                             043 042 041 039 041 041 041 041 041 040 040 040 040 040 040 040 040 040 040 039 039 039 039 039 039 039 039 
120                                                                                                                                                                                                                                                                                                                                                                                                                                                                                                 043 042 039 042 042 041 041 041 040 040 040 040 040 040 040 040 040 040 039 039 039 039 039 039 039 039 
121                                                                                                                                                                                                                                                                                                                                                                                                                                                                                                     043 039 043 043 042 042 042 041 040 040 040 040 040 040 040 040 040 039 039 039 039 039 039 039 039 
122                                                                                                                                                                                                                                                                                                                                                                                                                                                                                                         040 039 039 039 039 039 038 038 038 038 038 038 038 038 038 038 037 037 037 037 037 037 037 037 
123                                                                                                                                                                                                                                                                                                                                                                                                                                                                                                             043 043 042 042 042 041 040 040 040 040 040 040 040 040 040 039 039 039 039 039 039 039 039 
124                                                                                                                                                                                                                                                                                                                                                                                                                                                                                                                 043 042 042 042 041 040 040 040 040 040 040 040 040 040 039 039 039 039 039 039 039 039 
125                                                                                                                                                                                                                                                                                                                                                                                                                                                                                                                     043 043 043 042 041 041 041 041 041 041 041 041 041 040 040 040 040 040 040 040 040 
126                                                                                                                                                                                                                                                                                                                                                                                                                                                                                                                         043 043 042 041 041 041 041 041 041 041 041 041 040 040 040 040 040 040 040 040 
127                                                                                                                                                                                                                                                                                                                                                                                                                                                                                                                             044 043 042 042 042 042 042 042 042 042 042 041 041 041 041 041 041 041 041 
128                                                                                                                                                                                                                                                                                                                                                                                                                                                                                                                                 044 043 043 043 043 043 043 043 043 043 041 041 041 041 041 041 041 041 
129                                                                                                                                                                                                                                                                                                                                                                                                                                                                                                                                     044 044 044 044 044 043 043 043 043 041 041 041 041 041 041 041 041 
130                                                                                                                                                                                                                                                                                                                                                                                                                                                                                                                                         045 045 045 045 044 044 044 044 042 042 042 042 042 042 042 042 
131                                                                                                                                                                                                                                                                                                                                                                                                                                                                                                                                             045 045 045 044 044 044 044 042 042 042 042 042 042 042 042 
132                                                                                                                                                                                                                                                                                                                                                                                                                                                                                                                                                 045 045 044 044 044 044 042 042 042 042 042 042 042 042 
133                                                                                                                                                                                                                                                                                                                                                                                                                                                                                                                                                     045 044 044 044 044 042 042 042 042 042 042 042 042 
134                                                                                                                                                                                                                                                                                                                                                                                                                                                                                                                                                         045 045 045 044 042 042 042 042 042 042 042 042 
135                                                                                                                                                                                                                                                                                                                                                                                                                                                                                                                                                             045 045 044 042 042 042 042 042 042 042 042 
136                                                                                                                                                                                                                                                                                                                                                                                                                                                                                                                                                                 046 045 043 043 043 043 043 043 043 043 
137                                                                                                                                                                                                                                                                                                                                                                                                                                                                                                                                                                     046 043 043 043 043 043 043 043 043 
138                                                                                                                                                                                                                                                                                                                                                                                                                                                                                                                                                                         046 045 045 045 045 045 045 044 
139                                                                                                                                                                                                                                                                                                                                                                                                                                                                                                                                                                             046 046 046 046 046 046 045 
140                                                                                                                                                                                                                                                                                                                                                                                                                                                                                                                                                                                 047 047 047 047 047 045 
141                                                                                                                                                                                                                                                                                                                                                                                                                                                                                                                                                                                     047 047 047 047 045 
142                                                                                                                                                                                                                                                                                                                                                                                                                                                                                                                                                                                         047 047 047 045 
143                                                                                                                                                                                                                                                                                                                                                                                                                                                                                                                                                                                             047 047 045 
144                                                                                                                                                                                                                                                                                                                                                                                                                                                                                                                                                                                                 047 045 
145                                                                                                                                                                                                                                                                                                                                                                                                                                                                                                                                                                                                     047 
146                                                                                                                                                                                                                                                                                                                                                                                                                                                                                                                                                                                                         
