   01  02  03  04  05  06  07  08  09  10  11  12  13  14  15  16  17  18  19  20  21  22  23  24  25  26  27  28  29  30  31  32  33  34  35  36  37  38  39  40  41  42  43  44  45  46  47  48  49  50  51  52  53  54  55  56  57  58  59  60  61  62  63  64  65  66  67  68  69  70  71  72  73  74  75  76  77  78  79  80  81  82  83  84  85  86  87  88  89  90  91  92  93  94  95  96  97  98  99  100  101  102  103  104  105  106  107  108  109  110  111  112  113  114  115  116  117  118  119  120  121  122  123  124  125  126  127  128  129  130  131  132  133  134  135  136  137  138  139  140  141  142  143  144  145  146  
01     126 126 125 123 123 120 120 120 120 120 085 081 081 078 078 078 078 078 078 078 120 078 078 078 078 078 078 078 078 078 078 120 078 078 078 077 077 077 077 077 077 074 120 073 071 071 070 070 069 067 067 067 066 120 066 065 063 063 063 063 063 120 120 120 120 120 120 120 120 120 120 120 120 120 120 120 120 120 120 120 120 120 120 120 120 120 120 120 120 120 120 120 120 120 120 120 120 120 120 120 120 120 120 120 120 120 120 120 120 120 120 120 120 119 119 119 119 119 119 119 119 119 119 119 119 119 117 117 115 113 112 112 111 097 097 095 095 088 088 088 088 087 087 086 085 
02         126 125 123 123 120 120 120 120 120 085 081 081 078 078 078 078 078 078 078 120 078 078 078 078 078 078 078 078 078 078 120 078 078 078 077 077 077 077 077 077 074 120 073 071 071 070 070 069 067 067 067 066 120 066 065 063 063 063 063 063 120 120 120 120 120 120 120 120 120 120 120 120 120 120 120 120 120 120 120 120 120 120 120 120 120 120 120 120 120 120 120 120 120 120 120 120 120 120 120 120 120 120 120 120 120 120 120 120 120 120 120 120 119 119 119 119 119 119 119 119 119 119 119 119 119 117 117 115 113 112 112 111 097 097 095 095 088 088 088 088 087 087 086 085 
03             129 127 127 124 124 124 124 124 088 084 084 081 081 081 081 081 081 081 124 081 081 081 081 081 081 081 081 081 081 124 081 081 081 080 080 080 080 080 080 077 124 076 074 074 073 073 072 070 070 070 069 124 069 068 066 066 066 066 066 124 124 124 124 124 124 124 124 124 124 124 124 124 124 124 124 124 124 124 124 124 124 124 124 124 124 124 124 124 124 124 124 124 124 124 124 124 124 124 124 124 124 124 124 124 124 124 124 124 124 124 124 122 122 122 122 122 122 122 122 122 122 122 122 122 120 120 118 116 115 115 114 100 100 098 098 091 091 091 091 090 090 089 088 
04                 129 129 126 126 126 126 126 090 086 086 083 083 083 083 083 083 083 126 083 083 083 083 083 083 083 083 083 083 126 083 083 083 082 082 082 082 082 082 079 126 078 076 076 075 075 074 072 072 072 071 126 071 070 068 068 068 068 068 126 126 126 126 126 126 126 126 126 126 126 126 126 126 126 126 126 126 126 126 126 126 126 126 126 126 126 126 126 126 126 126 126 126 126 126 126 126 126 126 126 126 126 126 126 126 126 126 126 126 126 126 124 124 124 124 124 124 124 124 124 124 124 124 124 122 122 120 118 117 117 116 102 102 100 100 093 093 093 093 092 092 091 090 
05                     129 126 126 126 126 126 090 086 086 083 083 083 083 083 083 083 126 083 083 083 083 083 083 083 083 083 083 126 083 083 083 082 082 082 082 082 082 079 126 078 076 076 075 075 074 072 072 072 071 126 071 070 068 068 068 068 068 126 126 126 126 126 126 126 126 126 126 126 126 126 126 126 126 126 126 126 126 126 126 126 126 126 126 126 126 126 126 126 126 126 126 126 126 126 126 126 126 126 126 126 126 126 126 126 126 126 126 126 126 124 124 124 124 124 124 124 124 124 124 124 124 124 122 122 120 118 117 117 116 102 102 100 100 093 093 093 093 092 092 091 090 
06                         176 176 176 176 176 139 135 135 132 132 132 132 132 132 132 176 132 132 132 132 132 132 132 132 132 132 176 132 132 132 131 131 131 131 131 131 128 176 127 125 125 124 124 123 121 121 121 120 176 120 119 117 117 117 116 116 176 176 176 176 176 176 176 176 176 176 176 176 176 176 176 176 176 176 176 176 176 176 176 176 176 176 176 175 175 176 176 176 176 176 176 176 176 175 175 176 176 176 176 176 176 176 175 176 176 176 176 176 174 174 174 174 174 174 174 174 174 174 174 173 173 171 171 169 167 166 166 165 151 151 149 149 142 142 142 142 141 141 140 139 
07                             176 176 176 176 139 135 135 132 132 132 132 132 132 132 176 132 132 132 132 132 132 132 132 132 132 176 132 132 132 131 131 131 131 131 131 128 176 127 125 125 124 124 123 121 121 121 120 176 120 119 117 117 117 116 116 176 176 176 176 176 176 176 176 176 176 176 176 176 176 176 176 176 176 176 176 176 176 176 176 176 176 176 175 175 176 176 176 176 176 176 176 176 175 175 176 176 176 176 176 176 176 175 176 176 176 176 176 174 174 174 174 174 174 174 174 174 174 174 173 173 171 171 169 167 166 166 165 151 151 149 149 142 142 142 142 141 141 140 139 
08                                 176 176 176 139 135 135 132 132 132 132 132 132 132 176 132 132 132 132 132 132 132 132 132 132 176 132 132 132 131 131 131 131 131 131 128 176 127 125 125 124 124 123 121 121 121 120 176 120 119 117 117 117 116 116 176 176 176 176 176 176 176 176 176 176 176 176 176 176 176 176 176 176 176 176 176 176 176 176 176 176 176 175 175 176 176 176 176 176 176 176 176 175 175 176 176 176 176 176 176 176 175 176 176 176 176 176 174 174 174 174 174 174 174 174 174 174 174 173 173 171 171 169 167 166 166 165 151 151 149 149 142 142 142 142 141 141 140 139 
09                                     176 176 139 135 135 132 132 132 132 132 132 132 176 132 132 132 132 132 132 132 132 132 132 176 132 132 132 131 131 131 131 131 131 128 176 127 125 125 124 124 123 121 121 121 120 176 120 119 117 117 117 116 116 176 176 176 176 176 176 176 176 176 176 176 176 176 176 176 176 176 176 176 176 176 176 176 176 176 176 176 175 175 176 176 176 176 176 176 176 176 175 175 176 176 176 176 176 176 176 175 176 176 176 176 176 174 174 174 174 174 174 174 174 174 174 174 173 173 171 171 169 167 166 166 165 151 151 149 149 142 142 142 142 141 141 140 139 
10                                         176 139 135 135 132 132 132 132 132 132 132 176 132 132 132 132 132 132 132 132 132 132 176 132 132 132 131 131 131 131 131 131 128 176 127 125 125 124 124 123 121 121 121 120 176 120 119 117 117 117 116 116 176 176 176 176 176 176 176 176 176 176 176 176 176 176 176 176 176 176 176 176 176 176 176 176 176 176 176 175 175 176 176 176 176 176 176 176 176 175 175 176 176 176 176 176 176 176 175 176 176 176 176 176 174 174 174 174 174 174 174 174 174 174 174 173 173 171 171 169 167 166 166 165 151 151 149 149 142 142 142 142 141 141 140 139 
11                                             210 206 206 203 203 203 203 203 203 203 139 203 203 203 203 203 203 203 203 203 203 139 202 202 202 201 201 201 201 201 201 198 139 197 195 195 194 194 193 191 191 191 190 139 190 189 187 186 186 185 185 139 139 139 139 139 139 139 139 139 139 139 139 139 139 139 139 139 139 139 139 139 139 139 139 139 139 139 138 138 139 139 139 139 139 139 139 139 138 138 139 139 139 139 139 139 139 138 139 139 139 139 139 141 141 143 153 153 153 153 153 153 153 153 158 158 160 164 167 169 171 171 172 188 188 190 191 201 202 203 205 206 206 207 208 
12                                                 210 210 206 206 206 206 206 206 206 135 206 206 206 206 206 206 206 206 206 206 135 205 205 205 204 204 204 204 204 204 201 135 200 198 198 197 197 196 194 194 194 193 135 193 192 190 189 189 188 188 135 135 135 135 135 135 135 135 135 135 135 135 135 135 135 135 135 135 135 135 135 135 135 135 135 135 135 134 134 135 135 135 135 135 135 135 135 134 134 135 135 135 135 135 135 135 134 135 135 135 135 135 137 137 139 149 149 149 149 149 149 149 149 154 154 156 160 163 165 167 167 168 184 184 186 187 197 198 199 201 202 202 203 204 
13                                                     211 207 207 207 207 207 207 207 135 207 207 207 207 207 207 207 207 207 207 135 206 206 206 205 205 205 205 205 205 202 135 201 199 199 198 198 197 195 195 195 194 135 194 193 191 190 190 189 189 135 135 135 135 135 135 135 135 135 135 135 135 135 135 135 135 135 135 135 135 135 135 135 135 135 135 135 134 134 135 135 135 135 135 135 135 135 134 134 135 135 135 135 135 135 135 134 135 135 135 135 135 137 137 139 149 149 149 149 149 149 149 149 154 154 156 160 163 165 167 167 168 184 184 186 187 197 198 199 201 202 202 203 204 
14                                                         211 211 211 211 211 211 211 132 211 211 211 211 211 211 211 211 211 211 132 210 210 210 209 209 209 209 209 209 206 132 205 203 203 202 202 201 199 199 199 198 132 198 197 195 194 194 193 193 132 132 132 132 132 132 132 132 132 132 132 132 132 132 132 132 132 132 132 132 132 132 132 132 132 132 132 131 131 132 132 132 132 132 132 132 132 131 131 132 132 132 132 132 132 132 131 132 132 132 132 132 134 134 136 146 146 146 146 146 146 146 146 151 151 153 157 160 162 164 164 165 181 181 183 184 194 195 196 198 199 199 200 201 
15                                                             211 211 211 211 211 211 132 211 211 211 211 211 211 211 211 211 211 132 210 210 210 209 209 209 209 209 209 206 132 205 203 203 202 202 201 199 199 199 198 132 198 197 195 194 194 193 193 132 132 132 132 132 132 132 132 132 132 132 132 132 132 132 132 132 132 132 132 132 132 132 132 132 132 132 131 131 132 132 132 132 132 132 132 132 131 131 132 132 132 132 132 132 132 131 132 132 132 132 132 134 134 136 146 146 146 146 146 146 146 146 151 151 153 157 160 162 164 164 165 181 181 183 184 194 195 196 198 199 199 200 201 
16                                                                 211 211 211 211 211 132 211 211 211 211 211 211 211 211 211 211 132 210 210 210 209 209 209 209 209 209 206 132 205 203 203 202 202 201 199 199 199 198 132 198 197 195 194 194 193 193 132 132 132 132 132 132 132 132 132 132 132 132 132 132 132 132 132 132 132 132 132 132 132 132 132 132 132 131 131 132 132 132 132 132 132 132 132 131 131 132 132 132 132 132 132 132 131 132 132 132 132 132 134 134 136 146 146 146 146 146 146 146 146 151 151 153 157 160 162 164 164 165 181 181 183 184 194 195 196 198 199 199 200 201 
17                                                                     211 211 211 211 132 211 211 211 211 211 211 211 211 211 211 132 210 210 210 209 209 209 209 209 209 206 132 205 203 203 202 202 201 199 199 199 198 132 198 197 195 194 194 193 193 132 132 132 132 132 132 132 132 132 132 132 132 132 132 132 132 132 132 132 132 132 132 132 132 132 132 132 131 131 132 132 132 132 132 132 132 132 131 131 132 132 132 132 132 132 132 131 132 132 132 132 132 134 134 136 146 146 146 146 146 146 146 146 151 151 153 157 160 162 164 164 165 181 181 183 184 194 195 196 198 199 199 200 201 
18                                                                         213 213 213 132 213 213 213 213 213 213 213 213 213 213 132 212 212 212 211 211 211 211 211 211 208 132 207 205 205 204 204 203 201 201 201 200 132 200 199 197 196 196 195 195 132 132 132 132 132 132 132 132 132 132 132 132 132 132 132 132 132 132 132 132 132 132 132 132 132 132 132 131 131 132 132 132 132 132 132 132 132 131 131 132 132 132 132 132 132 132 131 132 132 132 132 132 134 134 136 146 146 146 146 146 146 146 146 151 151 153 157 160 162 164 164 165 181 181 183 184 194 195 196 198 199 199 200 201 
19                                                                             214 214 132 214 214 214 214 214 214 214 214 214 214 132 213 213 213 212 212 212 212 212 212 209 132 208 206 206 205 205 204 202 202 202 201 132 201 200 198 197 197 196 196 132 132 132 132 132 132 132 132 132 132 132 132 132 132 132 132 132 132 132 132 132 132 132 132 132 132 132 131 131 132 132 132 132 132 132 132 132 131 131 132 132 132 132 132 132 132 131 132 132 132 132 132 134 134 136 146 146 146 146 146 146 146 146 151 151 153 157 160 162 164 164 165 181 181 183 184 194 195 196 198 199 199 200 201 
20                                                                                 214 132 214 214 214 214 214 214 214 214 214 214 132 213 213 213 212 212 212 212 212 212 209 132 208 206 206 205 205 204 202 202 202 201 132 201 200 198 197 197 196 196 132 132 132 132 132 132 132 132 132 132 132 132 132 132 132 132 132 132 132 132 132 132 132 132 132 132 132 131 131 132 132 132 132 132 132 132 132 131 131 132 132 132 132 132 132 132 131 132 132 132 132 132 134 134 136 146 146 146 146 146 146 146 146 151 151 153 157 160 162 164 164 165 181 181 183 184 194 195 196 198 199 199 200 201 
21                                                                                     176 132 132 132 132 132 132 132 132 132 132 176 132 132 132 131 131 131 131 131 131 128 176 127 125 125 124 124 123 121 121 121 120 176 120 119 117 117 117 116 116 176 176 176 176 176 176 176 176 176 176 176 176 176 176 176 176 176 176 176 176 176 176 176 176 176 176 176 175 175 176 176 176 176 176 176 176 176 175 175 176 176 176 176 176 176 176 175 176 176 176 176 176 174 174 174 174 174 174 174 174 174 174 174 173 173 171 171 169 167 166 166 165 151 151 149 149 142 142 142 142 141 141 140 139 
22                                                                                         214 214 214 214 214 214 214 214 214 214 132 213 213 213 212 212 212 212 212 212 209 132 208 206 206 205 205 204 202 202 202 201 132 201 200 198 197 197 196 196 132 132 132 132 132 132 132 132 132 132 132 132 132 132 132 132 132 132 132 132 132 132 132 132 132 132 132 131 131 132 132 132 132 132 132 132 132 131 131 132 132 132 132 132 132 132 131 132 132 132 132 132 134 134 136 146 146 146 146 146 146 146 146 151 151 153 157 160 162 164 164 165 181 181 183 184 194 195 196 198 199 199 200 201 
23                                                                                             214 214 214 214 214 214 214 214 214 132 213 213 213 212 212 212 212 212 212 209 132 208 206 206 205 205 204 202 202 202 201 132 201 200 198 197 197 196 196 132 132 132 132 132 132 132 132 132 132 132 132 132 132 132 132 132 132 132 132 132 132 132 132 132 132 132 131 131 132 132 132 132 132 132 132 132 131 131 132 132 132 132 132 132 132 131 132 132 132 132 132 134 134 136 146 146 146 146 146 146 146 146 151 151 153 157 160 162 164 164 165 181 181 183 184 194 195 196 198 199 199 200 201 
24                                                                                                 214 214 214 214 214 214 214 214 132 213 213 213 212 212 212 212 212 212 209 132 208 206 206 205 205 204 202 202 202 201 132 201 200 198 197 197 196 196 132 132 132 132 132 132 132 132 132 132 132 132 132 132 132 132 132 132 132 132 132 132 132 132 132 132 132 131 131 132 132 132 132 132 132 132 132 131 131 132 132 132 132 132 132 132 131 132 132 132 132 132 134 134 136 146 146 146 146 146 146 146 146 151 151 153 157 160 162 164 164 165 181 181 183 184 194 195 196 198 199 199 200 201 
25                                                                                                     214 214 214 214 214 214 214 132 213 213 213 212 212 212 212 212 212 209 132 208 206 206 205 205 204 202 202 202 201 132 201 200 198 197 197 196 196 132 132 132 132 132 132 132 132 132 132 132 132 132 132 132 132 132 132 132 132 132 132 132 132 132 132 132 131 131 132 132 132 132 132 132 132 132 131 131 132 132 132 132 132 132 132 131 132 132 132 132 132 134 134 136 146 146 146 146 146 146 146 146 151 151 153 157 160 162 164 164 165 181 181 183 184 194 195 196 198 199 199 200 201 
26                                                                                                         214 214 214 214 214 214 132 213 213 213 212 212 212 212 212 212 209 132 208 206 206 205 205 204 202 202 202 201 132 201 200 198 197 197 196 196 132 132 132 132 132 132 132 132 132 132 132 132 132 132 132 132 132 132 132 132 132 132 132 132 132 132 132 131 131 132 132 132 132 132 132 132 132 131 131 132 132 132 132 132 132 132 131 132 132 132 132 132 134 134 136 146 146 146 146 146 146 146 146 151 151 153 157 160 162 164 164 165 181 181 183 184 194 195 196 198 199 199 200 201 
27                                                                                                             214 214 214 214 214 132 213 213 213 212 212 212 212 212 212 209 132 208 206 206 205 205 204 202 202 202 201 132 201 200 198 197 197 196 196 132 132 132 132 132 132 132 132 132 132 132 132 132 132 132 132 132 132 132 132 132 132 132 132 132 132 132 131 131 132 132 132 132 132 132 132 132 131 131 132 132 132 132 132 132 132 131 132 132 132 132 132 134 134 136 146 146 146 146 146 146 146 146 151 151 153 157 160 162 164 164 165 181 181 183 184 194 195 196 198 199 199 200 201 
28                                                                                                                 214 214 214 214 132 213 213 213 212 212 212 212 212 212 209 132 208 206 206 205 205 204 202 202 202 201 132 201 200 198 197 197 196 196 132 132 132 132 132 132 132 132 132 132 132 132 132 132 132 132 132 132 132 132 132 132 132 132 132 132 132 131 131 132 132 132 132 132 132 132 132 131 131 132 132 132 132 132 132 132 131 132 132 132 132 132 134 134 136 146 146 146 146 146 146 146 146 151 151 153 157 160 162 164 164 165 181 181 183 184 194 195 196 198 199 199 200 201 
29                                                                                                                     214 214 214 132 213 213 213 212 212 212 212 212 212 209 132 208 206 206 205 205 204 202 202 202 201 132 201 200 198 197 197 196 196 132 132 132 132 132 132 132 132 132 132 132 132 132 132 132 132 132 132 132 132 132 132 132 132 132 132 132 131 131 132 132 132 132 132 132 132 132 131 131 132 132 132 132 132 132 132 131 132 132 132 132 132 134 134 136 146 146 146 146 146 146 146 146 151 151 153 157 160 162 164 164 165 181 181 183 184 194 195 196 198 199 199 200 201 
30                                                                                                                         214 214 132 213 213 213 212 212 212 212 212 212 209 132 208 206 206 205 205 204 202 202 202 201 132 201 200 198 197 197 196 196 132 132 132 132 132 132 132 132 132 132 132 132 132 132 132 132 132 132 132 132 132 132 132 132 132 132 132 131 131 132 132 132 132 132 132 132 132 131 131 132 132 132 132 132 132 132 131 132 132 132 132 132 134 134 136 146 146 146 146 146 146 146 146 151 151 153 157 160 162 164 164 165 181 181 183 184 194 195 196 198 199 199 200 201 
31                                                                                                                             214 132 213 213 213 212 212 212 212 212 212 209 132 208 206 206 205 205 204 202 202 202 201 132 201 200 198 197 197 196 196 132 132 132 132 132 132 132 132 132 132 132 132 132 132 132 132 132 132 132 132 132 132 132 132 132 132 132 131 131 132 132 132 132 132 132 132 132 131 131 132 132 132 132 132 132 132 131 132 132 132 132 132 134 134 136 146 146 146 146 146 146 146 146 151 151 153 157 160 162 164 164 165 181 181 183 184 194 195 196 198 199 199 200 201 
32                                                                                                                                 176 132 132 132 131 131 131 131 131 131 128 176 127 125 125 124 124 123 121 121 121 120 176 120 119 117 117 117 116 116 176 176 176 176 176 176 176 176 176 176 176 176 176 176 176 176 176 176 176 176 176 176 176 176 176 176 176 175 175 176 176 176 176 176 176 176 176 175 175 176 176 176 176 176 176 176 175 176 176 176 176 176 174 174 174 174 174 174 174 174 174 174 174 173 173 171 171 169 167 166 166 165 151 151 149 149 142 142 142 142 141 141 140 139 
33                                                                                                                                     214 214 214 213 213 213 213 213 213 210 132 209 207 207 206 206 205 203 203 203 202 132 202 201 199 198 198 197 197 132 132 132 132 132 132 132 132 132 132 132 132 132 132 132 132 132 132 132 132 132 132 132 132 132 132 132 131 131 132 132 132 132 132 132 132 132 131 131 132 132 132 132 132 132 132 131 132 132 132 132 132 134 134 136 146 146 146 146 146 146 146 146 151 151 153 157 160 162 164 164 165 181 181 183 184 194 195 196 198 199 199 200 201 
34                                                                                                                                         216 216 215 215 215 215 215 215 212 132 211 209 209 208 208 207 205 205 205 204 132 204 203 201 200 200 199 199 132 132 132 132 132 132 132 132 132 132 132 132 132 132 132 132 132 132 132 132 132 132 132 132 132 132 132 131 131 132 132 132 132 132 132 132 132 131 131 132 132 132 132 132 132 132 131 132 132 132 132 132 134 134 136 146 146 146 146 146 146 146 146 151 151 153 157 160 162 164 164 165 181 181 183 184 194 195 196 198 199 199 200 201 
35                                                                                                                                             216 215 215 215 215 215 215 212 132 211 209 209 208 208 207 205 205 205 204 132 204 203 201 200 200 199 199 132 132 132 132 132 132 132 132 132 132 132 132 132 132 132 132 132 132 132 132 132 132 132 132 132 132 132 131 131 132 132 132 132 132 132 132 132 131 131 132 132 132 132 132 132 132 131 132 132 132 132 132 134 134 136 146 146 146 146 146 146 146 146 151 151 153 157 160 162 164 164 165 181 181 183 184 194 195 196 198 199 199 200 201 
36                                                                                                                                                 217 217 217 217 217 217 214 131 213 211 211 210 210 209 207 207 207 206 131 206 205 203 202 202 201 201 131 131 131 131 131 131 131 131 131 131 131 131 131 131 131 131 131 131 131 131 131 131 131 131 131 131 131 130 130 131 131 131 131 131 131 131 131 130 130 131 131 131 131 131 131 131 130 131 131 131 131 131 133 133 135 145 145 145 145 145 145 145 145 150 150 152 156 159 161 163 163 164 180 180 182 183 193 194 195 197 198 198 199 200 
37                                                                                                                                                     217 217 217 217 217 214 131 213 211 211 210 210 209 207 207 207 206 131 206 205 203 202 202 201 201 131 131 131 131 131 131 131 131 131 131 131 131 131 131 131 131 131 131 131 131 131 131 131 131 131 131 131 130 130 131 131 131 131 131 131 131 131 130 130 131 131 131 131 131 131 131 130 131 131 131 131 131 133 133 135 145 145 145 145 145 145 145 145 150 150 152 156 159 161 163 163 164 180 180 182 183 193 194 195 197 198 198 199 200 
38                                                                                                                                                         217 217 217 217 214 131 213 211 211 210 210 209 207 207 207 206 131 206 205 203 202 202 201 201 131 131 131 131 131 131 131 131 131 131 131 131 131 131 131 131 131 131 131 131 131 131 131 131 131 131 131 130 130 131 131 131 131 131 131 131 131 130 130 131 131 131 131 131 131 131 130 131 131 131 131 131 133 133 135 145 145 145 145 145 145 145 145 150 150 152 156 159 161 163 163 164 180 180 182 183 193 194 195 197 198 198 199 200 
39                                                                                                                                                             217 217 217 214 131 213 211 211 210 210 209 207 207 207 206 131 206 205 203 202 202 201 201 131 131 131 131 131 131 131 131 131 131 131 131 131 131 131 131 131 131 131 131 131 131 131 131 131 131 131 130 130 131 131 131 131 131 131 131 131 130 130 131 131 131 131 131 131 131 130 131 131 131 131 131 133 133 135 145 145 145 145 145 145 145 145 150 150 152 156 159 161 163 163 164 180 180 182 183 193 194 195 197 198 198 199 200 
40                                                                                                                                                                 217 217 214 131 213 211 211 210 210 209 207 207 207 206 131 206 205 203 202 202 201 201 131 131 131 131 131 131 131 131 131 131 131 131 131 131 131 131 131 131 131 131 131 131 131 131 131 131 131 130 130 131 131 131 131 131 131 131 131 130 130 131 131 131 131 131 131 131 130 131 131 131 131 131 133 133 135 145 145 145 145 145 145 145 145 150 150 152 156 159 161 163 163 164 180 180 182 183 193 194 195 197 198 198 199 200 
41                                                                                                                                                                     217 214 131 213 211 211 210 210 209 207 207 207 206 131 206 205 203 202 202 201 201 131 131 131 131 131 131 131 131 131 131 131 131 131 131 131 131 131 131 131 131 131 131 131 131 131 131 131 130 130 131 131 131 131 131 131 131 131 130 130 131 131 131 131 131 131 131 130 131 131 131 131 131 133 133 135 145 145 145 145 145 145 145 145 150 150 152 156 159 161 163 163 164 180 180 182 183 193 194 195 197 198 198 199 200 
42                                                                                                                                                                         217 128 216 214 214 213 213 212 210 210 210 209 128 209 208 206 205 205 204 204 128 128 128 128 128 128 128 128 128 128 128 128 128 128 128 128 128 128 128 128 128 128 128 128 128 128 128 127 127 128 128 128 128 128 128 128 128 127 127 128 128 128 128 128 128 128 127 128 128 128 128 128 130 130 132 142 142 142 142 142 142 142 142 147 147 149 153 156 158 160 160 161 177 177 179 180 190 191 192 194 195 195 196 197 
43                                                                                                                                                                             176 127 125 125 124 124 123 121 121 121 120 176 120 119 117 117 117 116 116 176 176 176 176 176 176 176 176 176 176 176 176 176 176 176 176 176 176 176 176 176 176 176 176 176 176 176 175 175 176 176 176 176 176 176 176 176 175 175 176 176 176 176 176 176 176 175 176 176 176 176 176 174 174 174 174 174 174 174 174 174 174 174 173 173 171 171 169 167 166 166 165 151 151 149 149 142 142 142 142 141 141 140 139 
44                                                                                                                                                                                 217 215 215 214 214 213 211 211 211 210 127 210 209 207 206 206 205 205 127 127 127 127 127 127 127 127 127 127 127 127 127 127 127 127 127 127 127 127 127 127 127 127 127 127 127 126 126 127 127 127 127 127 127 127 127 126 126 127 127 127 127 127 127 127 126 127 127 127 127 127 129 129 131 141 141 141 141 141 141 141 141 146 146 148 152 155 157 159 159 160 176 176 178 179 189 190 191 193 194 194 195 196 
45                                                                                                                                                                                     217 217 216 216 215 213 213 213 212 125 212 211 209 208 208 207 207 125 125 125 125 125 125 125 125 125 125 125 125 125 125 125 125 125 125 125 125 125 125 125 125 125 125 125 124 124 125 125 125 125 125 125 125 125 124 124 125 125 125 125 125 125 125 124 125 125 125 125 125 127 127 129 139 139 139 139 139 139 139 139 144 144 146 150 153 155 157 157 158 174 174 176 177 187 188 189 191 192 192 193 194 
46                                                                                                                                                                                         217 216 216 215 213 213 213 212 125 212 211 209 208 208 207 207 125 125 125 125 125 125 125 125 125 125 125 125 125 125 125 125 125 125 125 125 125 125 125 125 125 125 125 124 124 125 125 125 125 125 125 125 125 124 124 125 125 125 125 125 125 125 124 125 125 125 125 125 127 127 129 139 139 139 139 139 139 139 139 144 144 146 150 153 155 157 157 158 174 174 176 177 187 188 189 191 192 192 193 194 
47                                                                                                                                                                                             218 218 217 215 215 215 214 124 214 213 211 210 210 209 209 124 124 124 124 124 124 124 124 124 124 124 124 124 124 124 124 124 124 124 124 124 124 124 124 124 124 124 123 123 124 124 124 124 124 124 124 124 123 123 124 124 124 124 124 124 124 123 124 124 124 124 124 126 126 128 138 138 138 138 138 138 138 138 143 143 145 149 152 154 156 156 157 173 173 175 176 186 187 188 190 191 191 192 193 
48                                                                                                                                                                                                 218 217 215 215 215 214 124 214 213 211 210 210 209 209 124 124 124 124 124 124 124 124 124 124 124 124 124 124 124 124 124 124 124 124 124 124 124 124 124 124 124 123 123 124 124 124 124 124 124 124 124 123 123 124 124 124 124 124 124 124 123 124 124 124 124 124 126 126 128 138 138 138 138 138 138 138 138 143 143 145 149 152 154 156 156 157 173 173 175 176 186 187 188 190 191 191 192 193 
49                                                                                                                                                                                                     218 216 216 216 215 123 215 214 212 211 211 210 210 123 123 123 123 123 123 123 123 123 123 123 123 123 123 123 123 123 123 123 123 123 123 123 123 123 123 123 122 122 123 123 123 123 123 123 123 123 122 122 123 123 123 123 123 123 123 122 123 123 123 123 123 125 125 127 137 137 137 137 137 137 137 137 142 142 144 148 151 153 155 155 156 172 172 174 175 185 186 187 189 190 190 191 192 
50                                                                                                                                                                                                         218 218 218 217 121 217 216 214 213 213 212 212 121 121 121 121 121 121 121 121 121 121 121 121 121 121 121 121 121 121 121 121 121 121 121 121 121 121 121 120 120 121 121 121 121 121 121 121 121 120 120 121 121 121 121 121 121 121 120 121 121 121 121 121 123 123 125 135 135 135 135 135 135 135 135 140 140 142 146 149 151 153 153 154 170 170 172 173 183 184 185 187 188 188 189 190 
51                                                                                                                                                                                                             218 218 217 121 217 216 214 213 213 212 212 121 121 121 121 121 121 121 121 121 121 121 121 121 121 121 121 121 121 121 121 121 121 121 121 121 121 121 120 120 121 121 121 121 121 121 121 121 120 120 121 121 121 121 121 121 121 120 121 121 121 121 121 123 123 125 135 135 135 135 135 135 135 135 140 140 142 146 149 151 153 153 154 170 170 172 173 183 184 185 187 188 188 189 190 
52                                                                                                                                                                                                                 218 217 121 217 216 214 213 213 212 212 121 121 121 121 121 121 121 121 121 121 121 121 121 121 121 121 121 121 121 121 121 121 121 121 121 121 121 120 120 121 121 121 121 121 121 121 121 120 120 121 121 121 121 121 121 121 120 121 121 121 121 121 123 123 125 135 135 135 135 135 135 135 135 140 140 142 146 149 151 153 153 154 170 170 172 173 183 184 185 187 188 188 189 190 
53                                                                                                                                                                                                                     218 120 218 217 215 214 214 213 213 120 120 120 120 120 120 120 120 120 120 120 120 120 120 120 120 120 120 120 120 120 120 120 120 120 120 120 119 119 120 120 120 120 120 120 120 120 119 119 120 120 120 120 120 120 120 119 120 120 120 120 120 122 122 124 134 134 134 134 134 134 134 134 139 139 141 145 148 150 152 152 153 169 169 171 172 182 183 184 186 187 187 188 189 
54                                                                                                                                                                                                                         176 120 119 117 117 117 116 116 176 176 176 176 176 176 176 176 176 176 176 176 176 176 176 176 176 176 176 176 176 176 176 176 176 176 176 175 175 176 176 176 176 176 176 176 176 175 175 176 176 176 176 176 176 176 175 176 176 176 176 176 174 174 174 174 174 174 174 174 174 174 174 173 173 171 171 169 167 166 166 165 151 151 149 149 142 142 142 142 141 141 140 139 
55                                                                                                                                                                                                                             218 217 215 214 214 213 213 120 120 120 120 120 120 120 120 120 120 120 120 120 120 120 120 120 120 120 120 120 120 120 120 120 120 120 119 119 120 120 120 120 120 120 120 120 119 119 120 120 120 120 120 120 120 119 120 120 120 120 120 122 122 124 134 134 134 134 134 134 134 134 139 139 141 145 148 150 152 152 153 169 169 171 172 182 183 184 186 187 187 188 189 
56                                                                                                                                                                                                                                 218 216 215 215 214 214 119 119 119 119 119 119 119 119 119 119 119 119 119 119 119 119 119 119 119 119 119 119 119 119 119 119 119 118 118 119 119 119 119 119 119 119 119 118 118 119 119 119 119 119 119 119 118 119 119 119 119 119 121 121 123 133 133 133 133 133 133 133 133 138 138 140 144 147 149 151 151 152 168 168 170 171 181 182 183 185 186 186 187 188 
57                                                                                                                                                                                                                                     218 217 217 216 216 117 117 117 117 117 117 117 117 117 117 117 117 117 117 117 117 117 117 117 117 117 117 117 117 117 117 117 116 116 117 117 117 117 117 117 117 117 116 116 117 117 117 117 117 117 117 116 117 117 117 117 117 119 119 121 131 131 131 131 131 131 131 131 136 136 138 142 145 147 149 149 150 166 166 168 169 179 180 181 183 184 184 185 186 
58                                                                                                                                                                                                                                         218 218 217 217 117 117 117 117 117 117 117 117 117 117 117 117 117 117 117 117 117 117 117 117 117 117 117 117 117 117 117 116 116 117 117 117 117 117 117 117 117 116 116 117 117 117 117 117 117 117 116 117 117 117 117 117 119 119 121 131 131 131 131 131 131 131 131 136 136 138 142 145 147 149 149 150 165 165 167 168 178 179 180 182 183 183 184 185 
59                                                                                                                                                                                                                                             218 217 217 117 117 117 117 117 117 117 117 117 117 117 117 117 117 117 117 117 117 117 117 117 117 117 117 117 117 117 116 116 117 117 117 117 117 117 117 117 116 116 117 117 117 117 117 117 117 116 117 117 117 117 117 119 119 121 131 131 131 131 131 131 131 131 136 136 138 142 145 147 149 149 150 165 165 167 168 178 179 180 182 183 183 184 185 
60                                                                                                                                                                                                                                                 219 219 116 116 116 116 116 116 116 116 116 116 116 116 116 116 116 116 116 116 116 116 116 116 116 116 116 116 116 115 115 116 116 116 116 116 116 116 116 115 115 116 116 116 116 116 116 116 115 116 116 116 116 116 118 118 120 130 130 130 130 130 130 130 130 135 135 137 141 144 146 148 148 149 164 164 166 167 177 178 179 181 182 182 183 184 
61                                                                                                                                                                                                                                                     220 116 116 116 116 116 116 116 116 116 116 116 116 116 116 116 116 116 116 116 116 116 116 116 116 116 116 116 115 115 116 116 116 116 116 116 116 116 115 115 116 116 116 116 116 116 116 115 116 116 116 116 116 118 118 120 130 130 130 130 130 130 130 130 135 135 137 141 144 146 148 148 149 164 164 166 167 177 178 179 181 182 182 183 184 
62                                                                                                                                                                                                                                                         176 176 176 176 176 176 176 176 176 176 176 176 176 176 176 176 176 176 176 176 176 176 176 176 176 176 176 175 175 176 176 176 176 176 176 176 176 175 175 176 176 176 176 176 176 176 175 176 176 176 176 176 174 174 174 174 174 174 174 174 174 174 174 173 173 171 171 169 167 166 166 165 151 151 149 149 142 142 142 142 141 141 140 139 
63                                                                                                                                                                                                                                                             176 176 176 176 176 176 176 176 176 176 176 176 176 176 176 176 176 176 176 176 176 176 176 176 176 176 175 175 176 176 176 176 176 176 176 176 175 175 176 176 176 176 176 176 176 175 176 176 176 176 176 174 174 174 174 174 174 174 174 174 174 174 173 173 171 171 169 167 166 166 165 151 151 149 149 142 142 142 142 141 141 140 139 
64                                                                                                                                                                                                                                                                 176 176 176 176 176 176 176 176 176 176 176 176 176 176 176 176 176 176 176 176 176 176 176 176 176 175 175 176 176 176 176 176 176 176 176 175 175 176 176 176 176 176 176 176 175 176 176 176 176 176 174 174 174 174 174 174 174 174 174 174 174 173 173 171 171 169 167 166 166 165 151 151 149 149 142 142 142 142 141 141 140 139 
65                                                                                                                                                                                                                                                                     176 176 176 176 176 176 176 176 176 176 176 176 176 176 176 176 176 176 176 176 176 176 176 176 175 175 176 176 176 176 176 176 176 176 175 175 176 176 176 176 176 176 176 175 176 176 176 176 176 174 174 174 174 174 174 174 174 174 174 174 173 173 171 171 169 167 166 166 165 151 151 149 149 142 142 142 142 141 141 140 139 
66                                                                                                                                                                                                                                                                         176 176 176 176 176 176 176 176 176 176 176 176 176 176 176 176 176 176 176 176 176 176 176 175 175 176 176 176 176 176 176 176 176 175 175 176 176 176 176 176 176 176 175 176 176 176 176 176 174 174 174 174 174 174 174 174 174 174 174 173 173 171 171 169 167 166 166 165 151 151 149 149 142 142 142 142 141 141 140 139 
67                                                                                                                                                                                                                                                                             176 176 176 176 176 176 176 176 176 176 176 176 176 176 176 176 176 176 176 176 176 176 175 175 176 176 176 176 176 176 176 176 175 175 176 176 176 176 176 176 176 175 176 176 176 176 176 174 174 174 174 174 174 174 174 174 174 174 173 173 171 171 169 167 166 166 165 151 151 149 149 142 142 142 142 141 141 140 139 
68                                                                                                                                                                                                                                                                                 176 176 176 176 176 176 176 176 176 176 176 176 176 176 176 176 176 176 176 176 176 175 175 176 176 176 176 176 176 176 176 175 175 176 176 176 176 176 176 176 175 176 176 176 176 176 174 174 174 174 174 174 174 174 174 174 174 173 173 171 171 169 167 166 166 165 151 151 149 149 142 142 142 142 141 141 140 139 
69                                                                                                                                                                                                                                                                                     176 176 176 176 176 176 176 176 176 176 176 176 176 176 176 176 176 176 176 176 175 175 176 176 176 176 176 176 176 176 175 175 176 176 176 176 176 176 176 175 176 176 176 176 176 174 174 174 174 174 174 174 174 174 174 174 173 173 171 171 169 167 166 166 165 151 151 149 149 142 142 142 142 141 141 140 139 
70                                                                                                                                                                                                                                                                                         176 176 176 176 176 176 176 176 176 176 176 176 176 176 176 176 176 176 176 175 175 176 176 176 176 176 176 176 176 175 175 176 176 176 176 176 176 176 175 176 176 176 176 176 174 174 174 174 174 174 174 174 174 174 174 173 173 171 171 169 167 166 166 165 151 151 149 149 142 142 142 142 141 141 140 139 
71                                                                                                                                                                                                                                                                                             176 176 176 176 176 176 176 176 176 176 176 176 176 176 176 176 176 176 175 175 176 176 176 176 176 176 176 176 175 175 176 176 176 176 176 176 176 175 176 176 176 176 176 174 174 174 174 174 174 174 174 174 174 174 173 173 171 171 169 167 166 166 165 151 151 149 149 142 142 142 142 141 141 140 139 
72                                                                                                                                                                                                                                                                                                 176 176 176 176 176 176 176 176 176 176 176 176 176 176 176 176 176 175 175 176 176 176 176 176 176 176 176 175 175 176 176 176 176 176 176 176 175 176 176 176 176 176 174 174 174 174 174 174 174 174 174 174 174 173 173 171 171 169 167 166 166 165 151 151 149 149 142 142 142 142 141 141 140 139 
73                                                                                                                                                                                                                                                                                                     176 176 176 176 176 176 176 176 176 176 176 176 176 176 176 176 175 175 176 176 176 176 176 176 176 176 175 175 176 176 176 176 176 176 176 175 176 176 176 176 176 174 174 174 174 174 174 174 174 174 174 174 173 173 171 171 169 167 166 166 165 151 151 149 149 142 142 142 142 141 141 140 139 
74                                                                                                                                                                                                                                                                                                         176 176 176 176 176 176 176 176 176 176 176 176 176 176 176 175 175 176 176 176 176 176 176 176 176 175 175 176 176 176 176 176 176 176 175 176 176 176 176 176 174 174 174 174 174 174 174 174 174 174 174 173 173 171 171 169 167 166 166 165 151 151 149 149 142 142 142 142 141 141 140 139 
75                                                                                                                                                                                                                                                                                                             176 176 176 176 176 176 176 176 176 176 176 176 176 176 175 175 176 176 176 176 176 176 176 176 175 175 176 176 176 176 176 176 176 175 176 176 176 176 176 174 174 174 174 174 174 174 174 174 174 174 173 173 171 171 169 167 166 166 165 151 151 149 149 142 142 142 142 141 141 140 139 
76                                                                                                                                                                                                                                                                                                                 176 176 176 176 176 176 176 176 176 176 176 176 176 175 175 176 176 176 176 176 176 176 176 175 175 176 176 176 176 176 176 176 175 176 176 176 176 176 174 174 174 174 174 174 174 174 174 174 174 173 173 171 171 169 167 166 166 165 151 151 149 149 142 142 142 142 141 141 140 139 
77                                                                                                                                                                                                                                                                                                                     176 176 176 176 176 176 176 176 176 176 176 176 175 175 176 176 176 176 176 176 176 176 175 175 176 176 176 176 176 176 176 175 176 176 176 176 176 174 174 174 174 174 174 174 174 174 174 174 173 173 171 171 169 167 166 166 165 151 151 149 149 142 142 142 142 141 141 140 139 
78                                                                                                                                                                                                                                                                                                                         176 176 176 176 176 176 176 176 176 176 176 175 175 176 176 176 176 176 176 176 176 175 175 176 176 176 176 176 176 176 175 176 176 176 176 176 174 174 174 174 174 174 174 174 174 174 174 173 173 171 171 169 167 166 166 165 151 151 149 149 142 142 142 142 141 141 140 139 
79                                                                                                                                                                                                                                                                                                                             176 176 176 176 176 176 176 176 176 176 175 175 176 176 176 176 176 176 176 176 175 175 176 176 176 176 176 176 176 175 176 176 176 176 176 174 174 174 174 174 174 174 174 174 174 174 173 173 171 171 169 167 166 166 165 151 151 149 149 142 142 142 142 141 141 140 139 
80                                                                                                                                                                                                                                                                                                                                 176 176 176 176 176 176 176 176 176 175 175 176 176 176 176 176 176 176 176 175 175 176 176 176 176 176 176 176 175 176 176 176 176 176 174 174 174 174 174 174 174 174 174 174 174 173 173 171 171 169 167 166 166 165 151 151 149 149 142 142 142 142 141 141 140 139 
81                                                                                                                                                                                                                                                                                                                                     176 176 176 176 176 176 176 176 175 175 176 176 176 176 176 176 176 176 175 175 176 176 176 176 176 176 176 175 176 176 176 176 176 174 174 174 174 174 174 174 174 174 174 174 173 173 171 171 169 167 166 166 165 151 151 149 149 142 142 142 142 141 141 140 139 
82                                                                                                                                                                                                                                                                                                                                         176 176 176 176 176 176 176 175 175 176 176 176 176 176 176 176 176 175 175 176 176 176 176 176 176 176 175 176 176 176 176 176 174 174 174 174 174 174 174 174 174 174 174 173 173 171 171 169 167 166 166 165 151 151 149 149 142 142 142 142 141 141 140 139 
83                                                                                                                                                                                                                                                                                                                                             176 176 176 176 176 176 175 175 176 176 176 176 176 176 176 176 175 175 176 176 176 176 176 176 176 175 176 176 176 176 176 174 174 174 174 174 174 174 174 174 174 174 173 173 171 171 169 167 166 166 165 151 151 149 149 142 142 142 142 141 141 140 139 
84                                                                                                                                                                                                                                                                                                                                                 176 176 176 176 176 175 175 176 176 176 176 176 176 176 176 175 175 176 176 176 176 176 176 176 175 176 176 176 176 176 174 174 174 174 174 174 174 174 174 174 174 173 173 171 171 169 167 166 166 165 151 151 149 149 142 142 142 142 141 141 140 139 
85                                                                                                                                                                                                                                                                                                                                                     176 176 176 176 175 175 176 176 176 176 176 176 176 176 175 175 176 176 176 176 176 176 176 175 176 176 176 176 176 174 174 174 174 174 174 174 174 174 174 174 173 173 171 171 169 167 166 166 165 151 151 149 149 142 142 142 142 141 141 140 139 
86                                                                                                                                                                                                                                                                                                                                                         176 176 176 175 175 176 176 176 176 176 176 176 176 175 175 176 176 176 176 176 176 176 175 176 176 176 176 176 174 174 174 174 174 174 174 174 174 174 174 173 173 171 171 169 167 166 166 165 151 151 149 149 142 142 142 142 141 141 140 139 
87                                                                                                                                                                                                                                                                                                                                                             176 176 175 175 176 176 176 176 176 176 176 176 175 175 176 176 176 176 176 176 176 175 176 176 176 176 176 174 174 174 174 174 174 174 174 174 174 174 173 173 171 171 169 167 166 166 165 151 151 149 149 142 142 142 142 141 141 140 139 
88                                                                                                                                                                                                                                                                                                                                                                 176 175 175 176 176 176 176 176 176 176 176 175 175 176 176 176 176 176 176 176 175 176 176 176 176 176 174 174 174 174 174 174 174 174 174 174 174 173 173 171 171 169 167 166 166 165 151 151 149 149 142 142 142 142 141 141 140 139 
89                                                                                                                                                                                                                                                                                                                                                                     176 176 175 175 175 175 175 175 175 175 176 176 175 175 175 175 175 175 175 176 175 175 175 175 175 173 173 173 173 173 173 173 173 173 173 173 172 172 170 170 168 166 165 165 164 150 150 148 148 141 141 141 141 140 140 139 138 
90                                                                                                                                                                                                                                                                                                                                                                         176 175 175 175 175 175 175 175 175 176 176 175 175 175 175 175 175 175 176 175 175 175 175 175 173 173 173 173 173 173 173 173 173 173 173 172 172 170 170 168 166 165 165 164 150 150 148 148 141 141 141 141 140 140 139 138 
91                                                                                                                                                                                                                                                                                                                                                                             176 176 176 176 176 176 176 176 175 175 176 176 176 176 176 176 176 175 176 176 176 176 176 174 174 174 174 174 174 174 174 174 174 174 173 173 171 171 169 167 166 166 165 151 151 149 149 142 142 142 142 141 141 140 139 
92                                                                                                                                                                                                                                                                                                                                                                                 176 176 176 176 176 176 176 175 175 176 176 176 176 176 176 176 175 176 176 176 176 176 174 174 174 174 174 174 174 174 174 174 174 173 173 171 171 169 167 166 166 165 151 151 149 149 142 142 142 142 141 141 140 139 
93                                                                                                                                                                                                                                                                                                                                                                                     176 176 176 176 176 176 175 175 176 176 176 176 176 176 176 175 176 176 176 176 176 174 174 174 174 174 174 174 174 174 174 174 173 173 171 171 169 167 166 166 165 151 151 149 149 142 142 142 142 141 141 140 139 
94                                                                                                                                                                                                                                                                                                                                                                                         176 176 176 176 176 175 175 176 176 176 176 176 176 176 175 176 176 176 176 176 174 174 174 174 174 174 174 174 174 174 174 173 173 171 171 169 167 166 166 165 151 151 149 149 142 142 142 142 141 141 140 139 
95                                                                                                                                                                                                                                                                                                                                                                                             176 176 176 176 175 175 176 176 176 176 176 176 176 175 176 176 176 176 176 174 174 174 174 174 174 174 174 174 174 174 173 173 171 171 169 167 166 166 165 151 151 149 149 142 142 142 142 141 141 140 139 
96                                                                                                                                                                                                                                                                                                                                                                                                 176 176 176 175 175 176 176 176 176 176 176 176 175 176 176 176 176 176 174 174 174 174 174 174 174 174 174 174 174 173 173 171 171 169 167 166 166 165 151 151 149 149 142 142 142 142 141 141 140 139 
97                                                                                                                                                                                                                                                                                                                                                                                                     176 176 175 175 176 176 176 176 176 176 176 175 176 176 176 176 176 174 174 174 174 174 174 174 174 174 174 174 173 173 171 171 169 167 166 166 165 151 151 149 149 142 142 142 142 141 141 140 139 
98                                                                                                                                                                                                                                                                                                                                                                                                         176 175 175 176 176 176 176 176 176 176 175 176 176 176 176 176 174 174 174 174 174 174 174 174 174 174 174 173 173 171 171 169 167 166 166 165 151 151 149 149 142 142 142 142 141 141 140 139 
99                                                                                                                                                                                                                                                                                                                                                                                                             176 176 175 175 175 175 175 175 175 176 175 175 175 175 175 173 173 173 173 173 173 173 173 173 173 173 172 172 170 170 168 166 165 165 164 150 150 148 148 141 141 141 141 140 140 139 138 
100                                                                                                                                                                                                                                                                                                                                                                                                                 176 175 175 175 175 175 175 175 176 175 175 175 175 175 173 173 173 173 173 173 173 173 173 173 173 172 172 170 170 168 166 165 165 164 150 150 148 148 141 141 141 141 140 140 139 138 
101                                                                                                                                                                                                                                                                                                                                                                                                                     176 176 176 176 176 176 176 175 176 176 176 176 176 174 174 174 174 174 174 174 174 174 174 174 173 173 171 171 169 167 166 166 165 151 151 149 149 142 142 142 142 141 141 140 139 
102                                                                                                                                                                                                                                                                                                                                                                                                                         176 176 176 176 176 176 175 176 176 176 176 176 174 174 174 174 174 174 174 174 174 174 174 173 173 171 171 169 167 166 166 165 151 151 149 149 142 142 142 142 141 141 140 139 
103                                                                                                                                                                                                                                                                                                                                                                                                                             176 176 176 176 176 175 176 176 176 176 176 174 174 174 174 174 174 174 174 174 174 174 173 173 171 171 169 167 166 166 165 151 151 149 149 142 142 142 142 141 141 140 139 
104                                                                                                                                                                                                                                                                                                                                                                                                                                 176 176 176 176 175 176 176 176 176 176 174 174 174 174 174 174 174 174 174 174 174 173 173 171 171 169 167 166 166 165 151 151 149 149 142 142 142 142 141 141 140 139 
105                                                                                                                                                                                                                                                                                                                                                                                                                                     176 176 176 175 176 176 176 176 176 174 174 174 174 174 174 174 174 174 174 174 173 173 171 171 169 167 166 166 165 151 151 149 149 142 142 142 142 141 141 140 139 
106                                                                                                                                                                                                                                                                                                                                                                                                                                         176 176 175 176 176 176 176 176 174 174 174 174 174 174 174 174 174 174 174 173 173 171 171 169 167 166 166 165 151 151 149 149 142 142 142 142 141 141 140 139 
107                                                                                                                                                                                                                                                                                                                                                                                                                                             176 175 176 176 176 176 176 174 174 174 174 174 174 174 174 174 174 174 173 173 171 171 169 167 166 166 165 151 151 149 149 142 142 142 142 141 141 140 139 
108                                                                                                                                                                                                                                                                                                                                                                                                                                                 176 175 175 175 175 175 173 173 173 173 173 173 173 173 173 173 173 172 172 170 170 168 166 165 165 164 150 150 148 148 141 141 141 141 140 140 139 138 
109                                                                                                                                                                                                                                                                                                                                                                                                                                                     176 176 176 176 176 174 174 174 174 174 174 174 174 174 174 174 173 173 171 171 169 167 166 166 165 151 151 149 149 142 142 142 142 141 141 140 139 
110                                                                                                                                                                                                                                                                                                                                                                                                                                                         176 176 176 176 174 174 174 174 174 174 174 174 174 174 174 173 173 171 171 169 167 166 166 165 151 151 149 149 142 142 142 142 141 141 140 139 
111                                                                                                                                                                                                                                                                                                                                                                                                                                                             176 176 176 174 174 174 174 174 174 174 174 174 174 174 173 173 171 171 169 167 166 166 165 151 151 149 149 142 142 142 142 141 141 140 139 
112                                                                                                                                                                                                                                                                                                                                                                                                                                                                 176 176 174 174 174 174 174 174 174 174 174 174 174 173 173 171 171 169 167 166 166 165 151 151 149 149 142 142 142 142 141 141 140 139 
113                                                                                                                                                                                                                                                                                                                                                                                                                                                                     176 174 174 174 174 174 174 174 174 174 174 174 173 173 171 171 169 167 166 166 165 151 151 149 149 142 142 142 142 141 141 140 139 
114                                                                                                                                                                                                                                                                                                                                                                                                                                                                         176 176 176 176 176 176 176 176 176 176 176 175 175 173 173 171 169 168 168 167 153 153 151 151 144 144 144 144 143 143 142 141 
115                                                                                                                                                                                                                                                                                                                                                                                                                                                                             176 176 176 176 176 176 176 176 176 176 175 175 173 173 171 169 168 168 167 153 153 151 151 144 144 144 144 143 143 142 141 
116                                                                                                                                                                                                                                                                                                                                                                                                                                                                                 178 178 178 178 178 178 178 178 178 177 177 175 175 173 171 170 170 169 155 155 153 153 146 146 146 146 145 145 144 143 
117                                                                                                                                                                                                                                                                                                                                                                                                                                                                                     188 188 188 188 188 188 188 188 187 187 185 185 183 181 180 180 179 165 165 163 163 156 156 156 156 155 155 154 153 
118                                                                                                                                                                                                                                                                                                                                                                                                                                                                                         188 188 188 188 188 188 188 187 187 185 185 183 181 180 180 179 165 165 163 163 156 156 156 156 155 155 154 153 
119                                                                                                                                                                                                                                                                                                                                                                                                                                                                                             188 188 188 188 188 188 187 187 185 185 183 181 180 180 179 165 165 163 163 156 156 156 156 155 155 154 153 
120                                                                                                                                                                                                                                                                                                                                                                                                                                                                                                 188 188 188 188 188 187 187 185 185 183 181 180 180 179 165 165 163 163 156 156 156 156 155 155 154 153 
121                                                                                                                                                                                                                                                                                                                                                                                                                                                                                                     188 188 188 188 187 187 185 185 183 181 180 180 179 165 165 163 163 156 156 156 156 155 155 154 153 
122                                                                                                                                                                                                                                                                                                                                                                                                                                                                                                         188 188 188 187 187 185 185 183 181 180 180 179 165 165 163 163 156 156 156 156 155 155 154 153 
123                                                                                                                                                                                                                                                                                                                                                                                                                                                                                                             188 188 187 187 185 185 183 181 180 180 179 165 165 163 163 156 156 156 156 155 155 154 153 
124                                                                                                                                                                                                                                                                                                                                                                                                                                                                                                                 188 187 187 185 185 183 181 180 180 179 165 165 163 163 156 156 156 156 155 155 154 153 
125                                                                                                                                                                                                                                                                                                                                                                                                                                                                                                                     192 192 190 190 188 186 185 185 184 170 170 168 168 161 161 161 161 160 160 159 158 
126                                                                                                                                                                                                                                                                                                                                                                                                                                                                                                                         192 190 190 188 186 185 185 184 170 170 168 168 161 161 161 161 160 160 159 158 
127                                                                                                                                                                                                                                                                                                                                                                                                                                                                                                                             192 192 190 188 187 187 186 172 172 170 170 163 163 163 163 162 162 161 160 
128                                                                                                                                                                                                                                                                                                                                                                                                                                                                                                                                 196 194 192 191 191 190 176 176 174 174 167 167 167 167 166 166 165 164 
129                                                                                                                                                                                                                                                                                                                                                                                                                                                                                                                                     197 195 194 194 193 179 179 177 177 170 170 170 170 169 169 168 167 
130                                                                                                                                                                                                                                                                                                                                                                                                                                                                                                                                         197 196 196 195 181 181 179 179 172 172 172 172 171 171 170 169 
131                                                                                                                                                                                                                                                                                                                                                                                                                                                                                                                                             198 198 197 183 183 181 181 174 174 174 174 173 173 172 171 
132                                                                                                                                                                                                                                                                                                                                                                                                                                                                                                                                                 198 197 183 183 181 181 174 174 174 174 173 173 172 171 
133                                                                                                                                                                                                                                                                                                                                                                                                                                                                                                                                                     198 184 184 182 182 175 175 175 175 174 174 173 172 
134                                                                                                                                                                                                                                                                                                                                                                                                                                                                                                                                                         200 200 198 198 191 191 191 191 190 190 189 188 
135                                                                                                                                                                                                                                                                                                                                                                                                                                                                                                                                                             200 198 198 191 191 191 191 190 190 189 188 
136                                                                                                                                                                                                                                                                                                                                                                                                                                                                                                                                                                 200 200 193 193 193 193 192 192 191 190 
137                                                                                                                                                                                                                                                                                                                                                                                                                                                                                                                                                                     201 194 194 194 194 193 193 192 191 
138                                                                                                                                                                                                                                                                                                                                                                                                                                                                                                                                                                         204 204 204 204 203 203 202 201 
139                                                                                                                                                                                                                                                                                                                                                                                                                                                                                                                                                                             205 205 205 204 204 203 202 
140                                                                                                                                                                                                                                                                                                                                                                                                                                                                                                                                                                                 206 206 205 205 204 203 
141                                                                                                                                                                                                                                                                                                                                                                                                                                                                                                                                                                                     208 207 207 206 205 
142                                                                                                                                                                                                                                                                                                                                                                                                                                                                                                                                                                                         208 208 207 206 
143                                                                                                                                                                                                                                                                                                                                                                                                                                                                                                                                                                                             208 207 206 
144                                                                                                                                                                                                                                                                                                                                                                                                                                                                                                                                                                                                 208 207 
145                                                                                                                                                                                                                                                                                                                                                                                                                                                                                                                                                                                                     208 
146                                                                                                                                                                                                                                                                                                                                                                                                                                                                                                                                                                                                         
