   01  02  03  04  05  06  07  08  09  10  11  12  13  14  15  16  17  18  19  20  21  22  23  24  25  26  27  28  29  30  31  32  33  34  35  36  37  38  39  40  41  42  43  44  45  46  47  48  49  50  51  52  53  54  55  56  57  58  59  60  61  62  63  64  65  66  67  68  69  70  71  72  73  74  75  76  77  78  79  80  81  82  83  84  85  86  87  88  89  90  91  92  93  94  95  96  97  98  99  100  101  102  103  104  105  106  107  108  109  110  111  112  113  114  115  116  117  118  119  120  121  122  123  124  125  
01     019 019 017 017 017 017 017 017 017 016 004 009 009 009 009 009 004 004 009 004 016 004 009 009 009 009 004 004 009 009 004 017 004 004 004 004 004 004 015 015 015 015 015 015 015 015 015 009 009 009 009 009 009 009 009 009 009 009 009 009 009 009 009 009 009 009 009 009 009 009 009 009 009 009 009 009 009 009 009 009 009 008 008 008 008 008 008 008 008 008 008 004 004 004 004 004 004 004 004 004 004 004 004 004 004 004 004 004 004 004 004 004 004 004 006 006 006 004 004 004 004 004 004 005 
02         019 017 017 017 017 017 017 017 016 004 009 009 009 009 009 004 004 009 004 016 004 009 009 009 009 004 004 009 009 004 017 004 004 004 004 004 004 015 015 015 015 015 015 015 015 015 009 009 009 009 009 009 009 009 009 009 009 009 009 009 009 009 009 009 009 009 009 009 009 009 009 009 009 009 009 009 009 009 009 009 008 008 008 008 008 008 008 008 008 008 004 004 004 004 004 004 004 004 004 004 004 004 004 004 004 004 004 004 004 004 004 004 004 006 006 006 004 004 004 004 004 004 005 
03             020 020 019 019 019 019 019 018 004 011 011 011 011 011 004 004 011 004 018 004 011 011 011 011 004 004 011 011 004 019 004 004 004 004 004 004 017 017 017 017 017 017 017 017 017 011 011 011 011 011 011 011 011 011 011 011 011 011 011 011 011 011 011 011 011 011 011 011 011 011 011 011 011 011 011 011 011 011 011 010 010 010 010 010 010 010 010 010 010 004 004 004 004 004 004 004 004 004 004 004 004 004 004 004 004 004 004 004 004 004 004 004 006 006 006 004 004 004 004 004 004 005 
04                 020 019 019 019 019 019 018 004 011 011 011 011 011 004 004 011 004 018 004 011 011 011 011 004 004 011 011 004 019 004 004 004 004 004 004 017 017 017 017 017 017 017 017 017 011 011 011 011 011 011 011 011 011 011 011 011 011 011 011 011 011 011 011 011 011 011 011 011 011 011 011 011 011 011 011 011 011 011 010 010 010 010 010 010 010 010 010 010 004 004 004 004 004 004 004 004 004 004 004 004 004 004 004 004 004 004 004 004 004 004 004 006 006 006 004 004 004 004 004 004 005 
05                     020 019 019 019 019 018 004 011 011 011 011 011 004 004 011 004 018 004 011 011 011 011 004 004 011 011 004 019 004 004 004 004 004 004 017 017 017 017 017 017 017 017 017 011 011 011 011 011 011 011 011 011 011 011 011 011 011 011 011 011 011 011 011 011 011 011 011 011 011 011 011 011 011 011 011 011 011 010 010 010 010 010 010 010 010 010 010 004 004 004 004 004 004 004 004 004 004 004 004 004 004 004 004 004 004 004 004 004 004 004 006 006 006 004 004 004 004 004 004 005 
06                         020 019 019 019 018 004 011 011 011 011 011 004 004 011 004 018 004 011 011 011 011 004 004 011 011 004 019 004 004 004 004 004 004 017 017 017 017 017 017 017 017 017 011 011 011 011 011 011 011 011 011 011 011 011 011 011 011 011 011 011 011 011 011 011 011 011 011 011 011 011 011 011 011 011 011 011 010 010 010 010 010 010 010 010 010 010 004 004 004 004 004 004 004 004 004 004 004 004 004 004 004 004 004 004 004 004 004 004 004 006 006 006 004 004 004 004 004 004 005 
07                             020 020 020 019 004 011 011 011 011 011 004 004 011 004 019 004 011 011 011 011 004 004 011 011 004 019 004 004 004 004 004 004 017 017 017 017 017 017 017 017 017 011 011 011 011 011 011 011 011 011 011 011 011 011 011 011 011 011 011 011 011 011 011 011 011 011 011 011 011 011 011 011 011 011 011 010 010 010 010 010 010 010 010 010 010 004 004 004 004 004 004 004 004 004 004 004 004 004 004 004 004 004 004 004 004 004 004 004 006 006 006 004 004 004 004 004 004 005 
08                                 020 020 019 004 011 011 011 011 011 004 004 011 004 019 004 011 011 011 011 004 004 011 011 004 019 004 004 004 004 004 004 017 017 017 017 017 017 017 017 017 011 011 011 011 011 011 011 011 011 011 011 011 011 011 011 011 011 011 011 011 011 011 011 011 011 011 011 011 011 011 011 011 011 011 010 010 010 010 010 010 010 010 010 010 004 004 004 004 004 004 004 004 004 004 004 004 004 004 004 004 004 004 004 004 004 004 004 006 006 006 004 004 004 004 004 004 005 
09                                     020 019 004 011 011 011 011 011 004 004 011 004 019 004 011 011 011 011 004 004 011 011 004 019 004 004 004 004 004 004 017 017 017 017 017 017 017 017 017 011 011 011 011 011 011 011 011 011 011 011 011 011 011 011 011 011 011 011 011 011 011 011 011 011 011 011 011 011 011 011 011 011 011 010 010 010 010 010 010 010 010 010 010 004 004 004 004 004 004 004 004 004 004 004 004 004 004 004 004 004 004 004 004 004 004 004 006 006 006 004 004 004 004 004 004 005 
10                                         020 004 010 010 010 010 010 004 004 010 004 020 004 010 010 010 010 004 004 010 010 004 018 004 004 004 004 004 004 016 016 016 016 016 016 016 016 016 010 010 010 010 010 010 010 010 010 010 010 010 010 010 010 010 010 010 010 010 010 010 010 010 010 010 010 010 010 010 010 010 010 010 009 009 009 009 009 009 009 009 009 009 004 004 004 004 004 004 004 004 004 004 004 004 004 004 004 004 004 004 004 004 004 004 004 005 005 005 004 004 004 004 004 004 004 
11                                             101 016 016 016 016 016 097 097 016 097 004 097 014 014 016 016 097 097 014 014 097 004 097 097 097 097 097 097 010 010 010 011 011 011 011 011 011 025 025 025 025 025 026 026 026 026 026 026 026 026 026 026 026 027 027 027 019 019 019 019 019 019 019 018 018 027 027 027 028 028 028 028 033 033 033 033 033 033 033 033 033 081 081 081 081 081 082 082 082 054 054 054 081 082 082 084 084 084 084 075 071 071 089 089 054 054 054 090 090 090 090 090 090 092 
12                                                 037 037 030 037 037 016 016 030 016 010 016 028 028 035 035 016 016 028 028 016 011 016 016 016 016 016 016 022 022 022 022 022 022 022 022 022 030 030 030 030 030 030 030 030 030 030 030 030 030 030 030 030 030 030 030 030 030 030 030 030 030 030 030 030 030 030 030 030 030 030 029 025 025 025 025 025 025 025 025 025 016 016 016 016 016 016 016 016 016 016 016 016 016 016 016 016 016 016 016 016 016 016 016 018 018 018 016 016 016 016 016 016 017 
13                                                     037 030 037 037 016 016 030 016 010 016 028 028 035 035 016 016 028 028 016 011 016 016 016 016 016 016 022 022 022 022 022 022 022 022 022 030 030 030 030 030 030 030 030 030 030 030 030 030 030 030 030 030 030 030 030 030 030 030 030 030 030 030 030 030 030 030 030 030 030 029 025 025 025 025 025 025 025 025 025 016 016 016 016 016 016 016 016 016 016 016 016 016 016 016 016 016 016 016 016 016 016 016 018 018 018 016 016 016 016 016 016 017 
14                                                         037 030 030 016 016 035 016 010 016 028 028 030 030 016 016 028 028 016 011 016 016 016 016 016 016 022 022 022 022 022 022 022 022 022 030 030 030 030 030 030 030 030 030 030 030 030 030 030 030 030 030 030 030 031 031 032 032 031 031 031 030 030 030 030 030 030 030 030 029 025 025 025 025 025 025 025 025 025 016 016 016 016 016 016 016 016 016 016 016 016 016 016 016 016 016 016 016 016 016 016 016 018 018 018 016 016 016 016 016 016 017 
15                                                             037 037 016 016 030 016 010 016 028 028 035 035 016 016 028 028 016 011 016 016 016 016 016 016 022 022 022 022 022 022 022 022 022 030 030 030 030 030 030 030 030 030 030 030 030 030 030 030 030 030 030 030 030 030 030 030 030 030 030 030 030 030 030 030 030 030 030 029 025 025 025 025 025 025 025 025 025 016 016 016 016 016 016 016 016 016 016 016 016 016 016 016 016 016 016 016 016 016 016 016 018 018 018 016 016 016 016 016 016 017 
16                                                                 037 016 016 030 016 010 016 028 028 035 035 016 016 028 028 016 011 016 016 016 016 016 016 022 022 022 022 022 022 022 022 022 030 030 030 030 030 030 030 030 030 030 030 030 030 030 030 030 030 030 030 030 030 030 030 030 030 030 030 030 030 030 030 030 030 030 029 025 025 025 025 025 025 025 025 025 016 016 016 016 016 016 016 016 016 016 016 016 016 016 016 016 016 016 016 016 016 016 016 018 018 018 016 016 016 016 016 016 017 
17                                                                     101 100 016 099 004 099 014 014 016 016 099 099 014 014 099 004 098 098 098 098 098 098 010 010 010 011 011 011 011 011 011 025 025 025 025 025 026 026 026 026 026 026 026 026 026 026 026 027 027 027 019 019 019 019 019 019 019 018 018 027 027 027 028 028 028 028 033 033 033 033 033 033 033 033 033 081 081 081 081 081 082 082 082 054 054 054 081 082 082 084 084 084 084 075 071 071 089 089 054 054 054 090 090 090 090 090 090 092 
18                                                                         101 016 100 004 099 014 014 016 016 099 099 014 014 099 004 098 098 098 098 098 098 010 010 010 011 011 011 011 011 011 025 025 025 025 025 026 026 026 026 026 026 026 026 026 026 026 027 027 027 019 019 019 019 019 019 019 018 018 027 027 027 028 028 028 028 033 033 033 033 033 033 033 033 033 081 081 081 081 081 082 082 082 054 054 054 081 082 082 084 084 084 084 075 071 071 089 089 054 054 054 090 090 090 090 090 090 092 
19                                                                             037 016 010 016 028 028 030 030 016 016 028 028 016 011 016 016 016 016 016 016 022 022 022 022 022 022 022 022 022 030 030 030 030 030 030 030 030 030 030 030 030 030 030 030 030 030 030 030 030 030 030 030 030 030 030 030 030 030 030 030 030 030 030 029 025 025 025 025 025 025 025 025 025 016 016 016 016 016 016 016 016 016 016 016 016 016 016 016 016 016 016 016 016 016 016 016 018 018 018 016 016 016 016 016 016 017 
20                                                                                 101 004 100 014 014 016 016 099 099 014 014 099 004 098 098 098 098 098 098 010 010 010 011 011 011 011 011 011 025 025 025 025 025 026 026 026 026 026 026 026 026 026 026 026 027 027 027 019 019 019 019 019 019 019 018 018 027 027 027 028 028 028 028 033 033 033 033 033 033 033 033 033 081 081 081 081 081 082 082 082 054 054 054 081 082 082 084 084 084 084 075 071 071 089 089 054 054 054 090 090 090 090 090 090 092 
21                                                                                     020 004 010 010 010 010 004 004 010 010 004 018 004 004 004 004 004 004 016 016 016 016 016 016 016 016 016 010 010 010 010 010 010 010 010 010 010 010 010 010 010 010 010 010 010 010 010 010 010 010 010 010 010 010 010 010 010 010 010 010 010 009 009 009 009 009 009 009 009 009 009 004 004 004 004 004 004 004 004 004 004 004 004 004 004 004 004 004 004 004 004 004 004 004 005 005 005 004 004 004 004 004 004 004 
22                                                                                         101 014 014 016 016 100 100 014 014 100 004 098 098 098 098 098 098 010 010 010 011 011 011 011 011 011 025 025 025 025 025 026 026 026 026 026 026 026 026 026 026 026 027 027 027 019 019 019 019 019 019 019 018 018 027 027 027 028 028 028 028 033 033 033 033 033 033 033 033 033 081 081 081 081 081 082 082 082 054 054 054 081 082 082 084 084 084 084 075 071 071 089 089 054 054 054 090 090 090 090 090 090 092 
23                                                                                             035 034 028 028 014 014 034 034 014 011 014 014 014 014 014 014 023 022 022 022 022 022 022 022 023 028 028 028 028 028 028 028 028 028 028 028 028 028 028 028 028 028 028 028 028 028 028 028 028 028 028 028 028 028 028 028 028 028 028 027 023 023 023 023 023 023 023 023 023 014 014 014 014 014 014 014 014 014 014 014 014 014 014 014 014 014 014 014 014 014 014 014 016 016 016 014 014 014 014 014 014 015 
24                                                                                                 035 028 028 014 014 035 035 014 011 014 014 014 014 014 014 023 022 022 022 022 022 022 022 023 028 028 028 028 028 028 028 028 028 028 028 028 028 028 028 028 028 028 028 028 028 028 028 028 028 028 028 028 028 028 028 028 028 028 027 023 023 023 023 023 023 023 023 023 014 014 014 014 014 014 014 014 014 014 014 014 014 014 014 014 014 014 014 014 014 014 014 016 016 016 014 014 014 014 014 014 015 
25                                                                                                     037 037 016 016 028 028 016 011 016 016 016 016 016 016 022 022 022 022 022 022 022 022 022 031 031 031 031 031 031 031 031 031 031 031 031 031 031 031 031 031 031 031 030 030 030 030 030 030 030 030 030 031 031 031 031 031 031 030 026 026 026 026 026 026 026 026 026 016 016 016 016 016 016 016 016 016 016 016 016 016 016 016 016 016 016 016 016 016 016 016 018 018 018 016 016 016 016 016 016 017 
26                                                                                                         037 016 016 028 028 016 011 016 016 016 016 016 016 022 022 022 022 022 022 022 022 022 031 031 031 031 031 031 031 031 031 031 031 031 031 031 031 031 031 031 031 030 030 030 030 030 030 030 030 030 031 031 031 031 031 031 030 026 026 026 026 026 026 026 026 026 016 016 016 016 016 016 016 016 016 016 016 016 016 016 016 016 016 016 016 016 016 016 016 018 018 018 016 016 016 016 016 016 017 
27                                                                                                             101 101 014 014 101 004 099 099 099 099 099 099 010 010 010 011 011 011 011 011 011 025 025 025 025 025 026 026 026 026 026 026 026 026 026 026 026 027 027 027 019 019 019 019 019 019 019 018 018 027 027 027 028 028 028 028 033 033 033 033 033 033 033 033 033 081 081 081 081 081 082 082 082 054 054 054 081 082 082 084 084 084 084 075 071 071 089 089 054 054 054 090 090 090 090 090 090 092 
28                                                                                                                 101 014 014 101 004 099 099 099 099 099 099 010 010 010 011 011 011 011 011 011 025 025 025 025 025 026 026 026 026 026 026 026 026 026 026 026 027 027 027 019 019 019 019 019 019 019 018 018 027 027 027 028 028 028 028 033 033 033 033 033 033 033 033 033 081 081 081 081 081 082 082 082 054 054 054 081 082 082 084 084 084 084 075 071 071 089 089 054 054 054 090 090 090 090 090 090 092 
29                                                                                                                     035 035 014 011 014 014 014 014 014 014 023 022 022 022 022 022 022 022 023 028 028 028 028 028 028 028 028 028 028 028 028 028 028 028 028 028 028 028 028 028 028 028 028 028 028 028 028 028 028 028 028 028 028 027 023 023 023 023 023 023 023 023 023 014 014 014 014 014 014 014 014 014 014 014 014 014 014 014 014 014 014 014 014 014 014 014 016 016 016 014 014 014 014 014 014 015 
30                                                                                                                         035 014 011 014 014 014 014 014 014 023 022 022 022 022 022 022 022 023 028 028 028 028 028 028 028 028 028 028 028 028 028 028 028 028 028 028 028 028 028 028 028 028 028 028 028 028 028 028 028 028 028 028 027 023 023 023 023 023 023 023 023 023 014 014 014 014 014 014 014 014 014 014 014 014 014 014 014 014 014 014 014 014 014 014 014 016 016 016 014 014 014 014 014 014 015 
31                                                                                                                             101 004 099 099 099 099 099 099 010 010 010 011 011 011 011 011 011 025 025 025 025 025 026 026 026 026 026 026 026 026 026 026 026 027 027 027 019 019 019 019 019 019 019 018 018 027 027 027 028 028 028 028 033 033 033 033 033 033 033 033 033 081 081 081 081 081 082 082 082 054 054 054 081 082 082 084 084 084 084 075 071 071 089 089 054 054 054 090 090 090 090 090 090 092 
32                                                                                                                                 020 004 004 004 004 004 004 017 017 017 017 017 017 017 017 017 011 011 011 011 011 011 011 011 011 011 011 011 011 011 011 011 011 011 011 011 011 011 011 011 011 011 011 011 011 011 011 011 011 011 010 010 010 010 010 010 010 010 010 010 004 004 004 004 004 004 004 004 004 004 004 004 004 004 004 004 004 004 004 004 004 004 004 006 006 006 004 004 004 004 004 004 005 
33                                                                                                                                     101 101 101 101 101 101 010 010 010 011 011 011 011 011 011 025 025 025 025 025 026 026 026 026 026 026 026 026 026 026 026 027 027 027 019 019 019 019 019 019 019 018 018 027 027 027 028 028 028 028 033 033 033 033 033 033 033 033 033 081 081 081 081 081 082 082 082 054 054 054 081 082 082 084 084 084 084 075 071 071 089 089 054 054 054 090 090 090 090 090 090 092 
34                                                                                                                                         101 101 101 101 101 010 010 010 011 011 011 011 011 011 025 025 025 025 025 026 026 026 026 026 026 026 026 026 026 026 027 027 027 019 019 019 019 019 019 019 018 018 027 027 027 028 028 028 028 033 033 033 033 033 033 033 033 033 081 081 081 081 081 082 082 082 054 054 054 081 082 082 084 084 084 084 075 071 071 089 089 054 054 054 090 090 090 090 090 090 092 
35                                                                                                                                             101 101 101 101 010 010 010 011 011 011 011 011 011 025 025 025 025 025 026 026 026 026 026 026 026 026 026 026 026 027 027 027 019 019 019 019 019 019 019 018 018 027 027 027 028 028 028 028 033 033 033 033 033 033 033 033 033 081 081 081 081 081 082 082 082 054 054 054 081 082 082 084 084 084 084 075 071 071 089 089 054 054 054 090 090 090 090 090 090 092 
36                                                                                                                                                 101 101 101 010 010 010 011 011 011 011 011 011 025 025 025 025 025 026 026 026 026 026 026 026 026 026 026 026 027 027 027 019 019 019 019 019 019 019 018 018 027 027 027 028 028 028 028 033 033 033 033 033 033 033 033 033 081 081 081 081 081 082 082 082 054 054 054 081 082 082 084 084 084 084 075 071 071 089 089 054 054 054 090 090 090 090 090 090 092 
37                                                                                                                                                     101 101 010 010 010 011 011 011 011 011 011 025 025 025 025 025 026 026 026 026 026 026 026 026 026 026 026 027 027 027 019 019 019 019 019 019 019 018 018 027 027 027 028 028 028 028 033 033 033 033 033 033 033 033 033 081 081 081 081 081 082 082 082 054 054 054 081 082 082 084 084 084 084 075 071 071 089 089 054 054 054 090 090 090 090 090 090 092 
38                                                                                                                                                         101 010 010 010 011 011 011 011 011 011 025 025 025 025 025 026 026 026 026 026 026 026 026 026 026 026 027 027 027 019 019 019 019 019 019 019 018 018 027 027 027 028 028 028 028 033 033 033 033 033 033 033 033 033 081 081 081 081 081 082 082 082 054 054 054 081 082 082 084 084 084 084 075 071 071 089 089 054 054 054 090 090 090 090 090 090 092 
39                                                                                                                                                             035 034 033 033 033 032 032 032 032 022 022 022 022 022 022 022 022 022 022 022 022 022 022 022 022 022 022 022 022 022 022 022 022 022 022 022 022 022 022 022 022 022 022 021 018 018 018 018 018 018 018 018 018 010 010 010 010 010 010 010 010 010 010 010 010 010 010 010 010 010 010 010 010 010 010 010 012 012 012 010 010 010 010 010 010 011 
40                                                                                                                                                                 035 034 033 033 032 032 032 032 022 022 022 022 022 022 022 022 022 022 022 022 022 022 022 022 022 022 022 022 022 022 022 022 022 022 022 022 022 022 022 022 022 022 021 018 018 018 018 018 018 018 018 018 010 010 010 010 010 010 010 010 010 010 010 010 010 010 010 010 010 010 010 010 010 010 010 012 012 012 010 010 010 010 010 010 011 
41                                                                                                                                                                     035 034 033 032 032 032 032 022 022 022 022 022 022 022 022 022 022 022 022 022 022 022 022 022 022 022 022 022 022 022 022 022 022 022 022 022 022 022 022 022 022 021 018 018 018 018 019 019 019 019 019 010 010 010 010 010 010 010 010 010 010 010 010 010 010 010 010 010 010 010 010 010 010 010 012 012 012 010 010 010 010 010 010 011 
42                                                                                                                                                                         035 034 033 033 033 033 022 022 022 022 022 022 022 022 022 022 022 022 022 022 022 022 023 023 023 022 022 022 022 022 022 022 022 022 023 023 023 023 023 023 022 019 019 019 019 020 020 020 020 020 011 011 011 011 011 011 011 011 011 011 011 011 011 011 011 011 011 011 011 011 011 011 011 013 013 013 011 011 011 011 011 011 012 
43                                                                                                                                                                             035 034 034 034 034 022 022 022 022 022 022 022 022 022 022 022 022 022 022 022 022 023 023 023 022 022 022 022 022 022 022 022 022 023 023 023 023 023 023 022 019 019 019 019 019 019 019 019 019 011 011 011 011 011 011 011 011 011 011 011 011 011 011 011 011 011 011 011 011 011 011 011 013 013 013 011 011 011 011 011 011 012 
44                                                                                                                                                                                 035 035 035 034 022 022 022 022 022 022 022 022 022 022 022 022 022 022 022 022 023 023 023 022 022 022 022 022 022 022 022 022 023 023 023 023 023 023 022 019 019 019 019 019 019 019 019 019 011 011 011 011 011 011 011 011 011 011 011 011 011 011 011 011 011 011 011 011 011 011 011 013 013 013 011 011 011 011 011 011 012 
45                                                                                                                                                                                     035 035 034 022 022 022 022 022 022 022 022 022 022 022 022 022 022 022 022 023 023 023 022 022 022 022 022 022 022 022 022 023 023 023 023 023 023 022 019 019 019 019 019 019 019 019 019 011 011 011 011 011 011 011 011 011 011 011 011 011 011 011 011 011 011 011 011 011 011 011 013 013 013 011 011 011 011 011 011 012 
46                                                                                                                                                                                         035 034 022 022 022 022 022 022 022 022 022 022 022 022 022 022 022 022 023 023 023 022 022 022 022 022 022 022 022 022 023 023 023 023 023 023 022 019 019 019 019 019 019 019 019 019 011 011 011 011 011 011 011 011 011 011 011 011 011 011 011 011 011 011 011 011 011 011 011 013 013 013 011 011 011 011 011 011 012 
47                                                                                                                                                                                             035 022 022 022 022 022 022 022 022 022 022 022 022 022 022 022 022 023 023 023 022 022 022 022 022 022 022 022 022 023 023 023 023 023 023 022 019 019 019 019 019 019 019 019 019 011 011 011 011 011 011 011 011 011 011 011 011 011 011 011 011 011 011 011 011 011 011 011 013 013 013 011 011 011 011 011 011 012 
48                                                                                                                                                                                                 045 044 043 043 043 042 042 042 041 041 041 041 041 041 041 041 041 041 040 033 033 033 033 033 033 033 032 032 041 041 041 041 041 041 040 036 036 036 036 036 036 036 036 036 025 025 025 025 025 025 025 025 025 025 025 025 025 025 025 025 025 025 025 025 025 025 025 027 027 027 025 025 025 025 025 025 026 
49                                                                                                                                                                                                     045 043 043 043 042 042 042 041 041 041 041 041 041 041 041 041 041 040 033 033 033 033 033 033 033 032 032 041 041 041 041 041 041 040 036 036 036 036 036 036 036 036 036 025 025 025 025 025 025 025 025 025 025 025 025 025 025 025 025 025 025 025 025 025 025 025 027 027 027 025 025 025 025 025 025 026 
50                                                                                                                                                                                                         045 043 043 042 042 042 041 041 041 041 041 041 041 041 041 041 040 033 033 033 033 033 033 033 032 032 041 041 041 041 041 041 040 036 036 036 036 036 036 036 036 036 025 025 025 025 025 025 025 025 025 025 025 025 025 025 025 025 025 025 025 025 025 025 025 027 027 027 025 025 025 025 025 025 026 
51                                                                                                                                                                                                             045 045 043 043 043 042 042 042 042 042 042 042 042 041 041 040 033 033 033 033 033 033 033 032 032 041 041 041 041 041 041 040 036 036 036 036 036 036 036 036 036 025 025 025 025 025 025 025 025 025 025 025 025 025 025 025 025 025 025 025 025 025 025 025 027 027 027 025 025 025 025 025 025 026 
52                                                                                                                                                                                                                 045 043 043 043 042 042 042 042 042 042 042 042 041 041 040 033 033 033 033 033 033 033 032 032 041 041 041 041 041 041 040 036 036 036 036 036 036 036 036 036 025 025 025 025 025 025 025 025 025 025 025 025 025 025 025 025 025 025 025 025 025 025 025 027 027 027 025 025 025 025 025 025 026 
53                                                                                                                                                                                                                     047 046 046 045 045 045 045 045 045 045 045 044 044 042 033 033 033 033 033 033 033 032 032 043 043 043 042 042 042 041 037 037 037 037 037 037 037 037 037 026 026 026 026 026 026 026 026 026 026 026 026 026 026 026 026 026 026 026 026 026 026 026 028 028 028 026 026 026 026 026 026 027 
54                                                                                                                                                                                                                         046 046 045 045 045 045 045 045 045 045 044 044 042 033 033 033 033 033 033 033 032 032 043 043 043 042 042 042 041 037 037 037 037 037 037 037 037 037 026 026 026 026 026 026 026 026 026 026 026 026 026 026 026 026 026 026 026 026 026 026 026 028 028 028 026 026 026 026 026 026 027 
55                                                                                                                                                                                                                             046 045 045 045 045 045 045 045 045 044 044 042 033 033 033 033 033 033 033 032 032 043 043 043 042 042 042 041 037 037 037 037 037 037 037 037 037 026 026 026 026 026 026 026 026 026 026 026 026 026 026 026 026 026 026 026 026 026 026 026 028 028 028 026 026 026 026 026 026 027 
56                                                                                                                                                                                                                                 046 046 046 046 046 046 046 046 045 045 043 033 033 033 033 033 033 033 032 032 044 044 044 043 043 043 042 038 038 038 038 038 038 038 038 038 026 026 026 026 026 026 026 026 026 026 026 026 026 026 026 026 026 026 026 026 026 026 026 028 028 028 026 026 026 026 026 026 027 
57                                                                                                                                                                                                                                     046 046 046 046 046 046 046 045 045 043 033 033 033 033 033 033 033 032 032 044 044 044 043 043 043 042 038 038 038 038 038 038 038 038 038 026 026 026 026 026 026 026 026 026 026 026 026 026 026 026 026 026 026 026 026 026 026 026 028 028 028 026 026 026 026 026 026 027 
58                                                                                                                                                                                                                                         046 046 046 046 046 046 045 045 043 033 033 033 033 033 033 033 032 032 044 044 044 043 043 043 042 038 038 038 038 038 038 038 038 038 026 026 026 026 026 026 026 026 026 026 026 026 026 026 026 026 026 026 026 026 026 026 026 028 028 028 026 026 026 026 026 026 027 
59                                                                                                                                                                                                                                             046 046 046 046 046 045 045 043 033 033 033 033 033 033 033 032 032 044 044 044 043 043 043 042 038 038 038 038 038 038 038 038 038 026 026 026 026 026 026 026 026 026 026 026 026 026 026 026 026 026 026 026 026 026 026 026 028 028 028 026 026 026 026 026 026 027 
60                                                                                                                                                                                                                                                 046 046 046 046 045 045 043 033 033 033 033 033 033 033 032 032 044 044 044 043 043 043 042 038 038 038 038 038 038 038 038 038 026 026 026 026 026 026 026 026 026 026 026 026 026 026 026 026 026 026 026 026 026 026 026 028 028 028 026 026 026 026 026 026 027 
61                                                                                                                                                                                                                                                     046 046 046 045 045 043 033 033 033 033 033 033 033 032 032 044 044 044 043 043 043 042 038 038 038 038 038 038 038 038 038 026 026 026 026 026 026 026 026 026 026 026 026 026 026 026 026 026 026 026 026 026 026 026 028 028 028 026 026 026 026 026 026 027 
62                                                                                                                                                                                                                                                         046 046 045 045 043 033 033 033 033 033 033 033 032 032 044 044 044 043 043 043 042 038 038 038 038 038 038 038 038 038 026 026 026 026 026 026 026 026 026 026 026 026 026 026 026 026 026 026 026 026 026 026 026 028 028 028 026 026 026 026 026 026 027 
63                                                                                                                                                                                                                                                             046 045 045 043 033 033 033 033 033 033 033 032 032 044 044 044 043 043 043 042 038 038 038 038 038 038 038 038 038 026 026 026 026 026 026 026 026 026 026 026 026 026 026 026 026 026 026 026 026 026 026 026 028 028 028 026 026 026 026 026 026 027 
64                                                                                                                                                                                                                                                                 046 046 044 033 033 033 033 033 033 033 032 032 045 045 045 044 044 044 043 039 039 039 039 039 039 039 039 039 027 027 027 027 027 027 027 027 027 027 027 027 027 027 027 027 027 027 027 027 027 027 027 029 029 029 027 027 027 027 027 027 028 
65                                                                                                                                                                                                                                                                     046 044 033 033 033 033 033 033 033 032 032 045 045 045 044 044 044 043 039 039 039 039 039 039 039 039 039 027 027 027 027 027 027 027 027 027 027 027 027 027 027 027 027 027 027 027 027 027 027 027 029 029 029 027 027 027 027 027 027 028 
66                                                                                                                                                                                                                                                                         046 033 033 033 033 033 033 033 032 032 044 044 044 043 043 043 042 038 038 038 038 038 038 038 038 038 027 027 027 027 027 027 027 027 027 027 027 027 027 027 027 027 027 027 027 027 027 027 027 029 029 029 027 027 027 027 027 027 028 
67                                                                                                                                                                                                                                                                             040 039 038 037 037 037 037 032 032 033 033 033 033 033 033 032 028 028 028 028 028 028 028 028 028 019 019 019 019 019 019 019 019 019 019 019 019 019 019 019 019 019 019 019 019 019 019 019 021 021 021 019 019 019 019 019 019 020 
68                                                                                                                                                                                                                                                                                 040 039 038 038 038 038 032 032 033 033 033 033 033 033 032 028 028 028 028 028 028 028 028 028 019 019 019 019 019 019 019 019 019 019 019 019 019 019 019 019 019 019 019 019 019 019 019 021 021 021 019 019 019 019 019 019 020 
69                                                                                                                                                                                                                                                                                     040 039 038 038 038 032 032 033 033 033 033 033 033 032 028 028 028 028 028 028 028 028 028 019 019 019 019 019 019 019 019 019 019 019 019 019 019 019 019 019 019 019 019 019 019 019 021 021 021 019 019 019 019 019 019 020 
70                                                                                                                                                                                                                                                                                         040 039 039 039 032 032 033 033 033 033 033 033 032 028 028 028 028 028 028 028 028 028 019 019 019 019 019 019 019 019 019 019 019 019 019 019 019 019 019 019 019 019 019 019 019 021 021 021 019 019 019 019 019 019 020 
71                                                                                                                                                                                                                                                                                             040 040 039 032 032 033 033 033 033 033 033 032 028 028 028 028 028 028 028 028 028 019 019 019 019 019 019 019 019 019 019 019 019 019 019 019 019 019 019 019 019 019 019 019 021 021 021 019 019 019 019 019 019 020 
72                                                                                                                                                                                                                                                                                                 040 039 032 032 033 033 033 033 033 033 032 028 028 028 028 028 028 028 028 028 019 019 019 019 019 019 019 019 019 019 019 019 019 019 019 019 019 019 019 019 019 019 019 021 021 021 019 019 019 019 019 019 020 
73                                                                                                                                                                                                                                                                                                     040 032 032 033 033 033 033 033 033 032 028 028 028 028 028 028 028 028 028 019 019 019 019 019 019 019 019 019 019 019 019 019 019 019 019 019 019 019 019 019 019 019 021 021 021 019 019 019 019 019 019 020 
74                                                                                                                                                                                                                                                                                                         040 040 032 032 032 032 032 032 031 027 027 027 027 027 027 027 027 027 018 018 018 018 018 018 018 018 018 018 018 018 018 018 018 018 018 018 018 018 018 018 018 020 020 020 018 018 018 018 018 018 019 
75                                                                                                                                                                                                                                                                                                             040 032 032 032 032 032 032 031 027 027 027 027 027 027 027 027 027 018 018 018 018 018 018 018 018 018 018 018 018 018 018 018 018 018 018 018 018 018 018 018 020 020 020 018 018 018 018 018 018 019 
76                                                                                                                                                                                                                                                                                                                 047 047 047 046 046 046 045 041 041 041 041 041 041 041 041 041 027 027 027 027 027 027 027 027 027 027 027 027 027 027 027 027 027 027 027 027 027 027 027 029 029 029 027 027 027 027 027 027 028 
77                                                                                                                                                                                                                                                                                                                     047 047 046 046 046 045 041 041 041 041 041 041 041 041 041 027 027 027 027 027 027 027 027 027 027 027 027 027 027 027 027 027 027 027 027 027 027 027 029 029 029 027 027 027 027 027 027 028 
78                                                                                                                                                                                                                                                                                                                         047 046 046 046 045 041 041 041 041 041 041 041 041 041 027 027 027 027 027 027 027 027 027 027 027 027 027 027 027 027 027 027 027 027 027 027 027 029 029 029 027 027 027 027 027 027 028 
79                                                                                                                                                                                                                                                                                                                             048 048 048 046 042 042 042 042 042 042 042 042 042 028 028 028 028 028 028 028 028 028 028 028 028 028 028 028 028 028 028 028 028 028 028 028 030 030 030 028 028 028 028 028 028 029 
80                                                                                                                                                                                                                                                                                                                                 048 048 046 042 042 042 042 042 042 042 042 042 028 028 028 028 028 028 028 028 028 028 028 028 028 028 028 028 028 028 028 028 028 028 028 030 030 030 028 028 028 028 028 028 029 
81                                                                                                                                                                                                                                                                                                                                     048 046 042 042 042 042 042 042 042 042 042 028 028 028 028 028 028 028 028 028 028 028 028 028 028 028 028 028 028 028 028 028 028 028 030 030 030 028 028 028 028 028 028 029 
82                                                                                                                                                                                                                                                                                                                                         048 042 042 042 042 042 042 042 042 042 028 028 028 028 028 028 028 028 028 028 028 028 028 028 028 028 028 028 028 028 028 028 028 030 030 030 028 028 028 028 028 028 029 
83                                                                                                                                                                                                                                                                                                                                             053 052 051 051 051 050 050 050 050 033 033 033 033 033 033 033 033 033 033 033 033 033 033 033 033 033 033 033 033 033 033 033 035 035 035 033 033 033 033 033 033 034 
84                                                                                                                                                                                                                                                                                                                                                 053 052 051 051 050 050 050 050 033 033 033 033 033 033 033 033 033 033 033 033 033 033 033 033 033 033 033 033 033 033 033 035 035 035 033 033 033 033 033 033 034 
85                                                                                                                                                                                                                                                                                                                                                     053 052 051 050 050 050 050 033 033 033 033 033 033 033 033 033 033 033 033 033 033 033 033 033 033 033 033 033 033 033 035 035 035 033 033 033 033 033 033 034 
86                                                                                                                                                                                                                                                                                                                                                         053 052 051 051 051 051 033 033 033 033 033 033 033 033 033 033 033 033 033 033 033 033 033 033 033 033 033 033 033 035 035 035 033 033 033 033 033 033 034 
87                                                                                                                                                                                                                                                                                                                                                             053 052 052 052 052 033 033 033 033 033 033 033 033 033 033 033 033 033 033 033 033 033 033 033 033 033 033 033 035 035 035 033 033 033 033 033 033 034 
88                                                                                                                                                                                                                                                                                                                                                                 053 053 053 052 033 033 033 033 033 033 033 033 033 033 033 033 033 033 033 033 033 033 033 033 033 033 033 035 035 035 033 033 033 033 033 033 034 
89                                                                                                                                                                                                                                                                                                                                                                     053 053 052 033 033 033 033 033 033 033 033 033 033 033 033 033 033 033 033 033 033 033 033 033 033 033 035 035 035 033 033 033 033 033 033 034 
90                                                                                                                                                                                                                                                                                                                                                                         053 052 033 033 033 033 033 033 033 033 033 033 033 033 033 033 033 033 033 033 033 033 033 033 033 035 035 035 033 033 033 033 033 033 034 
91                                                                                                                                                                                                                                                                                                                                                                             053 033 033 033 033 033 033 033 033 033 033 033 033 033 033 033 033 033 033 033 033 033 033 033 035 035 035 033 033 033 033 033 033 034 
92                                                                                                                                                                                                                                                                                                                                                                                 096 096 096 096 096 093 093 089 057 056 056 088 086 085 086 086 086 086 079 075 075 083 084 056 056 056 084 084 084 084 084 084 082 
93                                                                                                                                                                                                                                                                                                                                                                                     096 096 096 096 093 093 089 057 056 056 088 086 085 086 086 086 086 079 075 075 083 084 056 056 056 084 084 084 084 084 084 082 
94                                                                                                                                                                                                                                                                                                                                                                                         096 096 096 093 093 089 057 056 056 088 086 085 086 086 086 086 079 075 075 083 084 056 056 056 084 084 084 084 084 084 082 
95                                                                                                                                                                                                                                                                                                                                                                                             096 096 093 093 089 057 056 056 088 086 085 086 086 086 086 079 075 075 083 084 056 056 056 084 084 084 084 084 084 082 
96                                                                                                                                                                                                                                                                                                                                                                                                 096 093 093 089 057 056 056 088 086 085 086 086 086 086 079 075 075 083 084 056 056 056 084 084 084 084 084 084 082 
97                                                                                                                                                                                                                                                                                                                                                                                                     096 096 092 057 056 056 088 088 087 088 088 088 088 079 075 075 085 086 056 056 056 086 086 086 086 086 086 084 
98                                                                                                                                                                                                                                                                                                                                                                                                         096 092 057 056 056 088 088 087 088 088 088 088 079 075 075 085 086 056 056 056 086 086 086 086 086 086 084 
99                                                                                                                                                                                                                                                                                                                                                                                                             096 057 056 056 088 089 088 088 088 088 088 078 074 074 085 086 055 055 055 086 086 086 086 086 086 084 
100                                                                                                                                                                                                                                                                                                                                                                                                                 087 073 073 057 057 057 057 057 057 057 061 063 063 057 058 067 067 067 058 058 058 057 057 057 055 
101                                                                                                                                                                                                                                                                                                                                                                                                                     084 084 059 059 059 059 059 059 059 060 060 060 059 058 068 069 069 057 057 057 056 056 056 054 
102                                                                                                                                                                                                                                                                                                                                                                                                                         084 059 059 059 059 059 059 059 060 060 060 059 058 068 069 069 057 057 057 056 056 056 054 
103                                                                                                                                                                                                                                                                                                                                                                                                                             096 090 089 089 089 089 089 081 077 077 086 085 055 056 056 084 084 084 083 083 083 081 
104                                                                                                                                                                                                                                                                                                                                                                                                                                 096 092 092 092 092 091 081 077 077 088 087 055 056 056 086 086 086 085 085 085 083 
105                                                                                                                                                                                                                                                                                                                                                                                                                                     096 092 092 092 091 081 077 077 088 087 055 056 056 086 086 086 085 085 085 083 
106                                                                                                                                                                                                                                                                                                                                                                                                                                         096 096 096 094 082 078 078 090 089 056 057 057 088 088 088 087 087 087 085 
107                                                                                                                                                                                                                                                                                                                                                                                                                                             096 096 094 082 078 078 090 089 056 057 057 088 088 088 087 087 087 085 
108                                                                                                                                                                                                                                                                                                                                                                                                                                                 096 094 082 078 078 090 089 056 057 057 088 088 088 087 087 087 085 
109                                                                                                                                                                                                                                                                                                                                                                                                                                                     096 082 078 078 090 089 056 057 057 088 088 088 087 087 087 085 
110                                                                                                                                                                                                                                                                                                                                                                                                                                                         095 084 084 080 079 056 057 057 078 078 078 077 077 077 075 
111                                                                                                                                                                                                                                                                                                                                                                                                                                                             094 094 076 075 056 057 057 074 074 074 073 073 073 071 
112                                                                                                                                                                                                                                                                                                                                                                                                                                                                 094 076 075 056 057 057 074 074 074 073 073 073 071 
113                                                                                                                                                                                                                                                                                                                                                                                                                                                                     096 094 056 057 057 093 093 093 092 092 092 090 
114                                                                                                                                                                                                                                                                                                                                                                                                                                                                         096 057 058 058 094 094 094 093 093 093 091 
115                                                                                                                                                                                                                                                                                                                                                                                                                                                                             082 080 080 057 057 057 056 056 056 056 
116                                                                                                                                                                                                                                                                                                                                                                                                                                                                                 082 082 057 057 057 056 056 056 056 
117                                                                                                                                                                                                                                                                                                                                                                                                                                                                                     082 057 057 057 056 056 056 056 
118                                                                                                                                                                                                                                                                                                                                                                                                                                                                                         096 096 096 094 094 094 092 
119                                                                                                                                                                                                                                                                                                                                                                                                                                                                                             096 096 094 094 094 092 
120                                                                                                                                                                                                                                                                                                                                                                                                                                                                                                 096 094 094 094 092 
121                                                                                                                                                                                                                                                                                                                                                                                                                                                                                                     096 096 096 092 
122                                                                                                                                                                                                                                                                                                                                                                                                                                                                                                         096 096 092 
123                                                                                                                                                                                                                                                                                                                                                                                                                                                                                                             096 092 
124                                                                                                                                                                                                                                                                                                                                                                                                                                                                                                                 096 
125                                                                                                                                                                                                                                                                                                                                                                                                                                                                                                                     
