   01  02  03  04  05  06  07  08  09  10  11  12  13  
01     015 015 015 015 015 015 015 015 015 015 015 015 
02         015 015 015 015 015 015 015 015 015 015 015 
03             016 016 016 016 016 016 016 016 016 016 
04                 018 018 018 017 017 017 017 017 017 
05                     018 018 017 017 017 017 017 017 
06                         018 017 017 017 017 017 017 
07                             018 018 018 017 017 017 
08                                 018 018 017 017 017 
09                                     018 017 017 017 
10                                         018 018 017 
11                                             018 017 
12                                                 019 
13                                                     
