   01  02  03  04  05  06  07  08  09  10  11  12  13  14  15  16  17  18  19  20  21  22  23  24  25  26  27  28  29  30  31  32  33  34  35  36  37  38  39  40  41  42  43  44  45  46  47  48  49  50  51  52  53  54  55  56  57  58  59  60  61  62  63  64  65  66  67  68  69  70  71  72  73  74  75  76  77  78  79  80  81  82  83  84  85  86  87  88  89  90  91  92  93  94  95  96  97  98  99  100  101  102  103  104  105  106  107  108  109  110  111  112  113  114  115  116  117  118  119  120  121  122  123  124  125  126  127  128  129  130  131  132  133  134  135  136  137  138  139  140  141  142  143  144  145  
01     126 126 126 125 120 120 120 120 120 120 085 085 081 081 081 078 078 078 078 078 120 078 078 078 078 078 078 078 078 078 078 120 078 078 078 078 077 077 077 077 074 073 120 071 071 070 070 069 069 069 069 067 066 120 066 063 063 063 063 063 120 120 120 120 120 120 120 120 120 120 120 120 120 120 120 120 120 120 120 120 120 120 120 120 120 120 120 120 120 120 120 120 120 120 120 120 120 120 120 120 120 120 120 120 120 120 120 119 119 119 119 119 119 119 119 119 119 117 117 117 117 116 115 115 114 113 112 112 112 111 110 097 097 097 095 095 095 088 088 088 088 088 088 087 
02         129 129 128 123 123 123 123 123 123 087 087 083 083 083 080 080 080 080 080 123 080 080 080 080 080 080 080 080 080 080 123 080 080 080 080 079 079 079 079 076 075 123 073 073 072 072 071 071 071 071 069 068 123 068 065 065 065 065 065 123 123 123 123 123 123 123 123 123 123 123 123 123 123 123 123 123 123 123 123 123 123 123 123 123 123 123 123 123 123 123 123 123 123 123 123 123 123 123 123 123 123 123 123 123 123 123 121 121 121 121 121 121 121 121 121 121 119 119 119 119 118 117 117 116 115 114 114 114 113 112 099 099 099 097 097 097 090 090 090 090 090 090 089 
03             129 128 123 123 123 123 123 123 087 087 083 083 083 080 080 080 080 080 123 080 080 080 080 080 080 080 080 080 080 123 080 080 080 080 079 079 079 079 076 075 123 073 073 072 072 071 071 071 071 069 068 123 068 065 065 065 065 065 123 123 123 123 123 123 123 123 123 123 123 123 123 123 123 123 123 123 123 123 123 123 123 123 123 123 123 123 123 123 123 123 123 123 123 123 123 123 123 123 123 123 123 123 123 123 123 121 121 121 121 121 121 121 121 121 121 119 119 119 119 118 117 117 116 115 114 114 114 113 112 099 099 099 097 097 097 090 090 090 090 090 090 089 
04                 129 124 124 124 124 124 124 088 088 084 084 084 081 081 081 081 081 124 081 081 081 081 081 081 081 081 081 081 124 081 081 081 081 080 080 080 080 077 076 124 074 074 073 073 072 072 072 072 070 069 124 069 066 066 066 066 066 124 124 124 124 124 124 124 124 124 124 124 124 124 124 124 124 124 124 124 124 124 124 124 124 124 124 124 124 124 124 124 124 124 124 124 124 124 124 124 124 124 124 124 124 124 124 124 122 122 122 122 122 122 122 122 122 122 120 120 120 120 119 118 118 117 116 115 115 115 114 113 100 100 100 098 098 098 091 091 091 091 091 091 090 
05                     176 176 176 176 176 176 139 139 135 135 135 132 132 132 132 132 176 132 132 132 132 132 132 132 132 132 132 176 132 132 132 132 131 131 131 131 128 127 176 125 125 124 124 123 123 123 123 121 120 176 120 117 117 117 117 116 176 176 176 176 176 176 176 176 176 176 176 176 176 176 176 176 176 176 176 175 175 176 176 176 176 176 176 176 175 175 176 176 176 176 176 176 175 175 176 176 176 176 176 176 176 176 176 174 174 174 174 174 174 174 174 173 173 171 171 171 171 170 169 169 168 167 166 166 166 165 164 151 151 151 149 149 149 142 142 142 142 142 142 141 
06                         176 176 176 176 176 139 139 135 135 135 132 132 132 132 132 176 132 132 132 132 132 132 132 132 132 132 176 132 132 132 132 131 131 131 131 128 127 176 125 125 124 124 123 123 123 123 121 120 176 120 117 117 117 117 116 176 176 176 176 176 176 176 176 176 176 176 176 176 176 176 176 176 176 176 175 175 176 176 176 176 176 176 176 175 175 176 176 176 176 176 176 175 175 176 176 176 176 176 176 176 176 176 174 174 174 174 174 174 174 174 173 173 171 171 171 171 170 169 169 168 167 166 166 166 165 164 151 151 151 149 149 149 142 142 142 142 142 142 141 
07                             176 176 176 176 139 139 135 135 135 132 132 132 132 132 176 132 132 132 132 132 132 132 132 132 132 176 132 132 132 132 131 131 131 131 128 127 176 125 125 124 124 123 123 123 123 121 120 176 120 117 117 117 117 116 176 176 176 176 176 176 176 176 176 176 176 176 176 176 176 176 176 176 176 175 175 176 176 176 176 176 176 176 175 175 176 176 176 176 176 176 175 175 176 176 176 176 176 176 176 176 176 174 174 174 174 174 174 174 174 173 173 171 171 171 171 170 169 169 168 167 166 166 166 165 164 151 151 151 149 149 149 142 142 142 142 142 142 141 
08                                 176 176 176 139 139 135 135 135 132 132 132 132 132 176 132 132 132 132 132 132 132 132 132 132 176 132 132 132 132 131 131 131 131 128 127 176 125 125 124 124 123 123 123 123 121 120 176 120 117 117 117 117 116 176 176 176 176 176 176 176 176 176 176 176 176 176 176 176 176 176 176 176 175 175 176 176 176 176 176 176 176 175 175 176 176 176 176 176 176 175 175 176 176 176 176 176 176 176 176 176 174 174 174 174 174 174 174 174 173 173 171 171 171 171 170 169 169 168 167 166 166 166 165 164 151 151 151 149 149 149 142 142 142 142 142 142 141 
09                                     176 176 139 139 135 135 135 132 132 132 132 132 176 132 132 132 132 132 132 132 132 132 132 176 132 132 132 132 131 131 131 131 128 127 176 125 125 124 124 123 123 123 123 121 120 176 120 117 117 117 117 116 176 176 176 176 176 176 176 176 176 176 176 176 176 176 176 176 176 176 176 175 175 176 176 176 176 176 176 176 175 175 176 176 176 176 176 176 175 175 176 176 176 176 176 176 176 176 176 174 174 174 174 174 174 174 174 173 173 171 171 171 171 170 169 169 168 167 166 166 166 165 164 151 151 151 149 149 149 142 142 142 142 142 142 141 
10                                         176 139 139 135 135 135 132 132 132 132 132 176 132 132 132 132 132 132 132 132 132 132 176 132 132 132 132 131 131 131 131 128 127 176 125 125 124 124 123 123 123 123 121 120 176 120 117 117 117 117 116 176 176 176 176 176 176 176 176 176 176 176 176 176 176 176 176 176 176 176 175 175 176 176 176 176 176 176 176 175 175 176 176 176 176 176 176 175 175 176 176 176 176 176 176 176 176 176 174 174 174 174 174 174 174 174 173 173 171 171 171 171 170 169 169 168 167 166 166 166 165 164 151 151 151 149 149 149 142 142 142 142 142 142 141 
11                                             208 208 204 204 204 201 201 201 201 201 139 201 201 201 201 201 201 201 201 201 201 139 201 201 201 201 200 200 200 200 197 196 139 194 194 193 193 192 192 192 192 190 189 139 189 186 186 185 185 184 139 139 139 139 139 139 139 139 139 139 139 139 139 139 139 139 139 139 139 138 138 139 139 139 139 139 139 139 138 138 139 139 139 139 139 139 138 138 139 139 139 139 139 139 139 139 139 141 153 153 153 153 153 153 153 158 158 160 162 163 165 166 167 167 168 169 171 171 171 172 173 188 188 188 190 190 191 200 201 201 203 203 205 206 
12                                                 209 205 205 205 202 202 202 202 202 139 202 202 202 202 202 202 202 202 202 202 139 202 202 202 202 201 201 201 201 198 197 139 195 195 194 194 193 193 193 193 191 190 139 190 187 187 186 186 185 139 139 139 139 139 139 139 139 139 139 139 139 139 139 139 139 139 139 139 138 138 139 139 139 139 139 139 139 138 138 139 139 139 139 139 139 138 138 139 139 139 139 139 139 139 139 139 141 153 153 153 153 153 153 153 158 158 160 162 163 165 166 167 167 168 169 171 171 171 172 173 188 188 188 190 190 191 200 201 201 203 203 205 206 
13                                                     210 210 210 206 206 206 206 206 135 206 206 206 206 206 206 206 206 206 206 135 206 206 205 205 204 204 204 204 201 200 135 198 198 197 197 196 196 196 196 194 193 135 193 190 190 189 189 188 135 135 135 135 135 135 135 135 135 135 135 135 135 135 135 135 135 135 135 134 134 135 135 135 135 135 135 135 134 134 135 135 135 135 135 135 134 134 135 135 135 135 135 135 135 135 135 137 149 149 149 149 149 149 149 154 154 156 158 159 161 162 163 163 164 165 167 167 167 168 169 184 184 184 186 186 187 196 197 197 199 199 201 202 
14                                                         210 210 206 206 206 206 206 135 206 206 206 206 206 206 206 206 206 206 135 206 206 205 205 204 204 204 204 201 200 135 198 198 197 197 196 196 196 196 194 193 135 193 190 190 189 189 188 135 135 135 135 135 135 135 135 135 135 135 135 135 135 135 135 135 135 135 134 134 135 135 135 135 135 135 135 134 134 135 135 135 135 135 135 134 134 135 135 135 135 135 135 135 135 135 137 149 149 149 149 149 149 149 154 154 156 158 159 161 162 163 163 164 165 167 167 167 168 169 184 184 184 186 186 187 196 197 197 199 199 201 202 
15                                                             211 207 207 207 207 207 135 207 207 207 207 207 207 207 207 207 207 135 207 207 206 206 205 205 205 205 202 201 135 199 199 198 198 197 197 197 197 195 194 135 194 191 191 190 190 189 135 135 135 135 135 135 135 135 135 135 135 135 135 135 135 135 135 135 135 134 134 135 135 135 135 135 135 135 134 134 135 135 135 135 135 135 134 134 135 135 135 135 135 135 135 135 135 137 149 149 149 149 149 149 149 154 154 156 158 159 161 162 163 163 164 165 167 167 167 168 169 184 184 184 186 186 187 196 197 197 199 199 201 202 
16                                                                 211 211 211 211 211 132 211 211 211 211 211 211 211 211 211 211 132 211 211 210 210 209 209 209 209 206 205 132 203 203 202 202 201 201 201 201 199 198 132 198 195 195 194 194 193 132 132 132 132 132 132 132 132 132 132 132 132 132 132 132 132 132 132 132 131 131 132 132 132 132 132 132 132 131 131 132 132 132 132 132 132 131 131 132 132 132 132 132 132 132 132 132 134 146 146 146 146 146 146 146 151 151 153 155 156 158 159 160 160 161 162 164 164 164 165 166 181 181 181 183 183 184 193 194 194 196 196 198 199 
17                                                                     211 211 211 211 132 211 211 211 211 211 211 211 211 211 211 132 211 211 210 210 209 209 209 209 206 205 132 203 203 202 202 201 201 201 201 199 198 132 198 195 195 194 194 193 132 132 132 132 132 132 132 132 132 132 132 132 132 132 132 132 132 132 132 131 131 132 132 132 132 132 132 132 131 131 132 132 132 132 132 132 131 131 132 132 132 132 132 132 132 132 132 134 146 146 146 146 146 146 146 151 151 153 155 156 158 159 160 160 161 162 164 164 164 165 166 181 181 181 183 183 184 193 194 194 196 196 198 199 
18                                                                         213 213 213 132 213 213 213 213 213 213 213 213 213 213 132 213 213 212 212 211 211 211 211 208 207 132 205 205 204 204 203 203 203 203 201 200 132 200 197 197 196 196 195 132 132 132 132 132 132 132 132 132 132 132 132 132 132 132 132 132 132 132 131 131 132 132 132 132 132 132 132 131 131 132 132 132 132 132 132 131 131 132 132 132 132 132 132 132 132 132 134 146 146 146 146 146 146 146 151 151 153 155 156 158 159 160 160 161 162 164 164 164 165 166 181 181 181 183 183 184 193 194 194 196 196 198 199 
19                                                                             213 213 132 213 213 213 213 213 213 213 213 213 213 132 213 213 212 212 211 211 211 211 208 207 132 205 205 204 204 203 203 203 203 201 200 132 200 197 197 196 196 195 132 132 132 132 132 132 132 132 132 132 132 132 132 132 132 132 132 132 132 131 131 132 132 132 132 132 132 132 131 131 132 132 132 132 132 132 131 131 132 132 132 132 132 132 132 132 132 134 146 146 146 146 146 146 146 151 151 153 155 156 158 159 160 160 161 162 164 164 164 165 166 181 181 181 183 183 184 193 194 194 196 196 198 199 
20                                                                                 213 132 213 213 213 213 213 213 213 213 213 213 132 213 213 212 212 211 211 211 211 208 207 132 205 205 204 204 203 203 203 203 201 200 132 200 197 197 196 196 195 132 132 132 132 132 132 132 132 132 132 132 132 132 132 132 132 132 132 132 131 131 132 132 132 132 132 132 132 131 131 132 132 132 132 132 132 131 131 132 132 132 132 132 132 132 132 132 134 146 146 146 146 146 146 146 151 151 153 155 156 158 159 160 160 161 162 164 164 164 165 166 181 181 181 183 183 184 193 194 194 196 196 198 199 
21                                                                                     176 132 132 132 132 132 132 132 132 132 132 176 132 132 132 132 131 131 131 131 128 127 176 125 125 124 124 123 123 123 123 121 120 176 120 117 117 117 117 116 176 176 176 176 176 176 176 176 176 176 176 176 176 176 176 176 176 176 176 175 175 176 176 176 176 176 176 176 175 175 176 176 176 176 176 176 175 175 176 176 176 176 176 176 176 176 176 174 174 174 174 174 174 174 174 173 173 171 171 171 171 170 169 169 168 167 166 166 166 165 164 151 151 151 149 149 149 142 142 142 142 142 142 141 
22                                                                                         214 214 214 214 214 214 214 214 214 214 132 214 214 213 213 212 212 212 212 209 208 132 206 206 205 205 204 204 204 204 202 201 132 201 198 198 197 197 196 132 132 132 132 132 132 132 132 132 132 132 132 132 132 132 132 132 132 132 131 131 132 132 132 132 132 132 132 131 131 132 132 132 132 132 132 131 131 132 132 132 132 132 132 132 132 132 134 146 146 146 146 146 146 146 151 151 153 155 156 158 159 160 160 161 162 164 164 164 165 166 181 181 181 183 183 184 193 194 194 196 196 198 199 
23                                                                                             214 214 214 214 214 214 214 214 214 132 214 214 213 213 212 212 212 212 209 208 132 206 206 205 205 204 204 204 204 202 201 132 201 198 198 197 197 196 132 132 132 132 132 132 132 132 132 132 132 132 132 132 132 132 132 132 132 131 131 132 132 132 132 132 132 132 131 131 132 132 132 132 132 132 131 131 132 132 132 132 132 132 132 132 132 134 146 146 146 146 146 146 146 151 151 153 155 156 158 159 160 160 161 162 164 164 164 165 166 181 181 181 183 183 184 193 194 194 196 196 198 199 
24                                                                                                 214 214 214 214 214 214 214 214 132 214 214 213 213 212 212 212 212 209 208 132 206 206 205 205 204 204 204 204 202 201 132 201 198 198 197 197 196 132 132 132 132 132 132 132 132 132 132 132 132 132 132 132 132 132 132 132 131 131 132 132 132 132 132 132 132 131 131 132 132 132 132 132 132 131 131 132 132 132 132 132 132 132 132 132 134 146 146 146 146 146 146 146 151 151 153 155 156 158 159 160 160 161 162 164 164 164 165 166 181 181 181 183 183 184 193 194 194 196 196 198 199 
25                                                                                                     214 214 214 214 214 214 214 132 214 214 213 213 212 212 212 212 209 208 132 206 206 205 205 204 204 204 204 202 201 132 201 198 198 197 197 196 132 132 132 132 132 132 132 132 132 132 132 132 132 132 132 132 132 132 132 131 131 132 132 132 132 132 132 132 131 131 132 132 132 132 132 132 131 131 132 132 132 132 132 132 132 132 132 134 146 146 146 146 146 146 146 151 151 153 155 156 158 159 160 160 161 162 164 164 164 165 166 181 181 181 183 183 184 193 194 194 196 196 198 199 
26                                                                                                         214 214 214 214 214 214 132 214 214 213 213 212 212 212 212 209 208 132 206 206 205 205 204 204 204 204 202 201 132 201 198 198 197 197 196 132 132 132 132 132 132 132 132 132 132 132 132 132 132 132 132 132 132 132 131 131 132 132 132 132 132 132 132 131 131 132 132 132 132 132 132 131 131 132 132 132 132 132 132 132 132 132 134 146 146 146 146 146 146 146 151 151 153 155 156 158 159 160 160 161 162 164 164 164 165 166 181 181 181 183 183 184 193 194 194 196 196 198 199 
27                                                                                                             214 214 214 214 214 132 214 214 213 213 212 212 212 212 209 208 132 206 206 205 205 204 204 204 204 202 201 132 201 198 198 197 197 196 132 132 132 132 132 132 132 132 132 132 132 132 132 132 132 132 132 132 132 131 131 132 132 132 132 132 132 132 131 131 132 132 132 132 132 132 131 131 132 132 132 132 132 132 132 132 132 134 146 146 146 146 146 146 146 151 151 153 155 156 158 159 160 160 161 162 164 164 164 165 166 181 181 181 183 183 184 193 194 194 196 196 198 199 
28                                                                                                                 214 214 214 214 132 214 214 213 213 212 212 212 212 209 208 132 206 206 205 205 204 204 204 204 202 201 132 201 198 198 197 197 196 132 132 132 132 132 132 132 132 132 132 132 132 132 132 132 132 132 132 132 131 131 132 132 132 132 132 132 132 131 131 132 132 132 132 132 132 131 131 132 132 132 132 132 132 132 132 132 134 146 146 146 146 146 146 146 151 151 153 155 156 158 159 160 160 161 162 164 164 164 165 166 181 181 181 183 183 184 193 194 194 196 196 198 199 
29                                                                                                                     214 214 214 132 214 214 213 213 212 212 212 212 209 208 132 206 206 205 205 204 204 204 204 202 201 132 201 198 198 197 197 196 132 132 132 132 132 132 132 132 132 132 132 132 132 132 132 132 132 132 132 131 131 132 132 132 132 132 132 132 131 131 132 132 132 132 132 132 131 131 132 132 132 132 132 132 132 132 132 134 146 146 146 146 146 146 146 151 151 153 155 156 158 159 160 160 161 162 164 164 164 165 166 181 181 181 183 183 184 193 194 194 196 196 198 199 
30                                                                                                                         214 214 132 214 214 213 213 212 212 212 212 209 208 132 206 206 205 205 204 204 204 204 202 201 132 201 198 198 197 197 196 132 132 132 132 132 132 132 132 132 132 132 132 132 132 132 132 132 132 132 131 131 132 132 132 132 132 132 132 131 131 132 132 132 132 132 132 131 131 132 132 132 132 132 132 132 132 132 134 146 146 146 146 146 146 146 151 151 153 155 156 158 159 160 160 161 162 164 164 164 165 166 181 181 181 183 183 184 193 194 194 196 196 198 199 
31                                                                                                                             214 132 214 214 213 213 212 212 212 212 209 208 132 206 206 205 205 204 204 204 204 202 201 132 201 198 198 197 197 196 132 132 132 132 132 132 132 132 132 132 132 132 132 132 132 132 132 132 132 131 131 132 132 132 132 132 132 132 131 131 132 132 132 132 132 132 131 131 132 132 132 132 132 132 132 132 132 134 146 146 146 146 146 146 146 151 151 153 155 156 158 159 160 160 161 162 164 164 164 165 166 181 181 181 183 183 184 193 194 194 196 196 198 199 
32                                                                                                                                 176 132 132 132 132 131 131 131 131 128 127 176 125 125 124 124 123 123 123 123 121 120 176 120 117 117 117 117 116 176 176 176 176 176 176 176 176 176 176 176 176 176 176 176 176 176 176 176 175 175 176 176 176 176 176 176 176 175 175 176 176 176 176 176 176 175 175 176 176 176 176 176 176 176 176 176 174 174 174 174 174 174 174 174 173 173 171 171 171 171 170 169 169 168 167 166 166 166 165 164 151 151 151 149 149 149 142 142 142 142 142 142 141 
33                                                                                                                                     214 214 213 213 212 212 212 212 209 208 132 206 206 205 205 204 204 204 204 202 201 132 201 198 198 197 197 196 132 132 132 132 132 132 132 132 132 132 132 132 132 132 132 132 132 132 132 131 131 132 132 132 132 132 132 132 131 131 132 132 132 132 132 132 131 131 132 132 132 132 132 132 132 132 132 134 146 146 146 146 146 146 146 151 151 153 155 156 158 159 160 160 161 162 164 164 164 165 166 181 181 181 183 183 184 193 194 194 196 196 198 199 
34                                                                                                                                         214 213 213 212 212 212 212 209 208 132 206 206 205 205 204 204 204 204 202 201 132 201 198 198 197 197 196 132 132 132 132 132 132 132 132 132 132 132 132 132 132 132 132 132 132 132 131 131 132 132 132 132 132 132 132 131 131 132 132 132 132 132 132 131 131 132 132 132 132 132 132 132 132 132 134 146 146 146 146 146 146 146 151 151 153 155 156 158 159 160 160 161 162 164 164 164 165 166 181 181 181 183 183 184 193 194 194 196 196 198 199 
35                                                                                                                                             214 214 213 213 213 213 210 209 132 207 207 206 206 205 205 205 205 203 202 132 202 199 199 198 198 197 132 132 132 132 132 132 132 132 132 132 132 132 132 132 132 132 132 132 132 131 131 132 132 132 132 132 132 132 131 131 132 132 132 132 132 132 131 131 132 132 132 132 132 132 132 132 132 134 146 146 146 146 146 146 146 151 151 153 155 156 158 159 160 160 161 162 164 164 164 165 166 181 181 181 183 183 184 193 194 194 196 196 198 199 
36                                                                                                                                                 214 213 213 213 213 210 209 132 207 207 206 206 205 205 205 205 203 202 132 202 199 199 198 198 197 132 132 132 132 132 132 132 132 132 132 132 132 132 132 132 132 132 132 132 131 131 132 132 132 132 132 132 132 131 131 132 132 132 132 132 132 131 131 132 132 132 132 132 132 132 132 132 134 146 146 146 146 146 146 146 151 151 153 155 156 158 159 160 160 161 162 164 164 164 165 166 181 181 181 183 183 184 193 194 194 196 196 198 199 
37                                                                                                                                                     217 217 217 217 214 213 131 211 211 210 210 209 209 209 209 207 206 131 206 203 203 202 202 201 131 131 131 131 131 131 131 131 131 131 131 131 131 131 131 131 131 131 131 130 130 131 131 131 131 131 131 131 130 130 131 131 131 131 131 131 130 130 131 131 131 131 131 131 131 131 131 133 145 145 145 145 145 145 145 150 150 152 154 155 157 158 159 159 160 161 163 163 163 164 165 180 180 180 182 182 183 192 193 193 195 195 197 198 
38                                                                                                                                                         217 217 217 214 213 131 211 211 210 210 209 209 209 209 207 206 131 206 203 203 202 202 201 131 131 131 131 131 131 131 131 131 131 131 131 131 131 131 131 131 131 131 130 130 131 131 131 131 131 131 131 130 130 131 131 131 131 131 131 130 130 131 131 131 131 131 131 131 131 131 133 145 145 145 145 145 145 145 150 150 152 154 155 157 158 159 159 160 161 163 163 163 164 165 180 180 180 182 182 183 192 193 193 195 195 197 198 
39                                                                                                                                                             217 217 214 213 131 211 211 210 210 209 209 209 209 207 206 131 206 203 203 202 202 201 131 131 131 131 131 131 131 131 131 131 131 131 131 131 131 131 131 131 131 130 130 131 131 131 131 131 131 131 130 130 131 131 131 131 131 131 130 130 131 131 131 131 131 131 131 131 131 133 145 145 145 145 145 145 145 150 150 152 154 155 157 158 159 159 160 161 163 163 163 164 165 180 180 180 182 182 183 192 193 193 195 195 197 198 
40                                                                                                                                                                 217 214 213 131 211 211 210 210 209 209 209 209 207 206 131 206 203 203 202 202 201 131 131 131 131 131 131 131 131 131 131 131 131 131 131 131 131 131 131 131 130 130 131 131 131 131 131 131 131 130 130 131 131 131 131 131 131 130 130 131 131 131 131 131 131 131 131 131 133 145 145 145 145 145 145 145 150 150 152 154 155 157 158 159 159 160 161 163 163 163 164 165 180 180 180 182 182 183 192 193 193 195 195 197 198 
41                                                                                                                                                                     217 216 128 214 214 213 213 212 212 212 212 210 209 128 209 206 206 205 205 204 128 128 128 128 128 128 128 128 128 128 128 128 128 128 128 128 128 128 128 127 127 128 128 128 128 128 128 128 127 127 128 128 128 128 128 128 127 127 128 128 128 128 128 128 128 128 128 130 142 142 142 142 142 142 142 147 147 149 151 152 154 155 156 156 157 158 160 160 160 161 162 177 177 177 179 179 180 189 190 190 192 192 194 195 
42                                                                                                                                                                         217 127 215 215 214 214 213 213 213 213 211 210 127 210 207 207 206 206 205 127 127 127 127 127 127 127 127 127 127 127 127 127 127 127 127 127 127 127 126 126 127 127 127 127 127 127 127 126 126 127 127 127 127 127 127 126 126 127 127 127 127 127 127 127 127 127 129 141 141 141 141 141 141 141 146 146 148 150 151 153 154 155 155 156 157 159 159 159 160 161 176 176 176 178 178 179 188 189 189 191 191 193 194 
43                                                                                                                                                                             176 125 125 124 124 123 123 123 123 121 120 176 120 117 117 117 117 116 176 176 176 176 176 176 176 176 176 176 176 176 176 176 176 176 176 176 176 175 175 176 176 176 176 176 176 176 175 175 176 176 176 176 176 176 175 175 176 176 176 176 176 176 176 176 176 174 174 174 174 174 174 174 174 173 173 171 171 171 171 170 169 169 168 167 166 166 166 165 164 151 151 151 149 149 149 142 142 142 142 142 142 141 
44                                                                                                                                                                                 217 217 216 216 215 215 215 215 213 212 125 212 209 209 208 208 207 125 125 125 125 125 125 125 125 125 125 125 125 125 125 125 125 125 125 125 124 124 125 125 125 125 125 125 125 124 124 125 125 125 125 125 125 124 124 125 125 125 125 125 125 125 125 125 127 139 139 139 139 139 139 139 144 144 146 148 149 151 152 153 153 154 155 157 157 157 158 159 174 174 174 176 176 177 186 187 187 189 189 191 192 
45                                                                                                                                                                                     217 216 216 215 215 215 215 213 212 125 212 209 209 208 208 207 125 125 125 125 125 125 125 125 125 125 125 125 125 125 125 125 125 125 125 124 124 125 125 125 125 125 125 125 124 124 125 125 125 125 125 125 124 124 125 125 125 125 125 125 125 125 125 127 139 139 139 139 139 139 139 144 144 146 148 149 151 152 153 153 154 155 157 157 157 158 159 174 174 174 176 176 177 186 187 187 189 189 191 192 
46                                                                                                                                                                                         218 218 217 217 217 217 215 214 124 214 211 211 210 210 209 124 124 124 124 124 124 124 124 124 124 124 124 124 124 124 124 124 124 124 123 123 124 124 124 124 124 124 124 123 123 124 124 124 124 124 124 123 123 124 124 124 124 124 124 124 124 124 126 138 138 138 138 138 138 138 143 143 145 147 148 150 151 152 152 153 154 156 156 156 157 158 173 173 173 175 175 176 185 186 186 188 188 190 191 
47                                                                                                                                                                                             218 217 217 217 217 215 214 124 214 211 211 210 210 209 124 124 124 124 124 124 124 124 124 124 124 124 124 124 124 124 124 124 124 123 123 124 124 124 124 124 124 124 123 123 124 124 124 124 124 124 123 123 124 124 124 124 124 124 124 124 124 126 138 138 138 138 138 138 138 143 143 145 147 148 150 151 152 152 153 154 156 156 156 157 158 173 173 173 175 175 176 185 186 186 188 188 190 191 
48                                                                                                                                                                                                 218 218 218 218 216 215 123 215 212 212 211 211 210 123 123 123 123 123 123 123 123 123 123 123 123 123 123 123 123 123 123 123 122 122 123 123 123 123 123 123 123 122 122 123 123 123 123 123 123 122 122 123 123 123 123 123 123 123 123 123 125 137 137 137 137 137 137 137 142 142 144 146 147 149 150 151 151 152 153 155 155 155 156 157 172 172 172 174 174 175 184 185 185 187 187 189 190 
49                                                                                                                                                                                                     218 218 218 216 215 123 215 212 212 211 211 210 123 123 123 123 123 123 123 123 123 123 123 123 123 123 123 123 123 123 123 122 122 123 123 123 123 123 123 123 122 122 123 123 123 123 123 123 122 122 123 123 123 123 123 123 123 123 123 125 137 137 137 137 137 137 137 142 142 144 146 147 149 150 151 151 152 153 155 155 155 156 157 172 172 172 174 174 175 184 185 185 187 187 189 190 
50                                                                                                                                                                                                         218 218 216 215 123 215 212 212 211 211 210 123 123 123 123 123 123 123 123 123 123 123 123 123 123 123 123 123 123 123 122 122 123 123 123 123 123 123 123 122 122 123 123 123 123 123 123 122 122 123 123 123 123 123 123 123 123 123 125 137 137 137 137 137 137 137 142 142 144 146 147 149 150 151 151 152 153 155 155 155 156 157 172 172 172 174 174 175 184 185 185 187 187 189 190 
51                                                                                                                                                                                                             218 216 215 123 215 212 212 211 211 210 123 123 123 123 123 123 123 123 123 123 123 123 123 123 123 123 123 123 123 122 122 123 123 123 123 123 123 123 122 122 123 123 123 123 123 123 122 122 123 123 123 123 123 123 123 123 123 125 137 137 137 137 137 137 137 142 142 144 146 147 149 150 151 151 152 153 155 155 155 156 157 172 172 172 174 174 175 184 185 185 187 187 189 190 
52                                                                                                                                                                                                                 218 217 121 217 214 214 213 213 212 121 121 121 121 121 121 121 121 121 121 121 121 121 121 121 121 121 121 121 120 120 121 121 121 121 121 121 121 120 120 121 121 121 121 121 121 120 120 121 121 121 121 121 121 121 121 121 123 135 135 135 135 135 135 135 140 140 142 144 145 147 148 149 149 150 151 153 153 153 154 155 170 170 170 172 172 173 182 183 183 185 185 187 188 
53                                                                                                                                                                                                                     218 120 218 215 215 214 214 213 120 120 120 120 120 120 120 120 120 120 120 120 120 120 120 120 120 120 120 119 119 120 120 120 120 120 120 120 119 119 120 120 120 120 120 120 119 119 120 120 120 120 120 120 120 120 120 122 134 134 134 134 134 134 134 139 139 141 143 144 146 147 148 148 149 150 152 152 152 153 154 169 169 169 171 171 172 181 182 182 184 184 186 187 
54                                                                                                                                                                                                                         176 120 117 117 117 117 116 176 176 176 176 176 176 176 176 176 176 176 176 176 176 176 176 176 176 176 175 175 176 176 176 176 176 176 176 175 175 176 176 176 176 176 176 175 175 176 176 176 176 176 176 176 176 176 174 174 174 174 174 174 174 174 173 173 171 171 171 171 170 169 169 168 167 166 166 166 165 164 151 151 151 149 149 149 142 142 142 142 142 142 141 
55                                                                                                                                                                                                                             218 215 215 214 214 213 120 120 120 120 120 120 120 120 120 120 120 120 120 120 120 120 120 120 120 119 119 120 120 120 120 120 120 120 119 119 120 120 120 120 120 120 119 119 120 120 120 120 120 120 120 120 120 122 134 134 134 134 134 134 134 139 139 141 143 144 146 147 148 148 149 150 152 152 152 153 154 169 169 169 171 171 172 181 182 182 184 184 186 187 
56                                                                                                                                                                                                                                 218 218 217 217 216 117 117 117 117 117 117 117 117 117 117 117 117 117 117 117 117 117 117 117 116 116 117 117 117 117 117 117 117 116 116 117 117 117 117 117 117 116 116 117 117 117 117 117 117 117 117 117 119 131 131 131 131 131 131 131 136 136 138 140 141 143 144 145 145 146 147 149 149 149 150 151 166 166 166 168 168 169 178 179 179 181 181 183 184 
57                                                                                                                                                                                                                                     218 217 217 216 117 117 117 117 117 117 117 117 117 117 117 117 117 117 117 117 117 117 117 116 116 117 117 117 117 117 117 117 116 116 117 117 117 117 117 117 116 116 117 117 117 117 117 117 117 117 117 119 131 131 131 131 131 131 131 136 136 138 140 141 143 144 145 145 146 147 149 149 149 150 151 166 166 166 168 168 169 178 179 179 181 181 183 184 
58                                                                                                                                                                                                                                         218 218 217 117 117 117 117 117 117 117 117 117 117 117 117 117 117 117 117 117 117 117 116 116 117 117 117 117 117 117 117 116 116 117 117 117 117 117 117 116 116 117 117 117 117 117 117 117 117 117 119 131 131 131 131 131 131 131 136 136 138 140 141 143 144 145 145 146 147 149 149 149 150 151 165 165 165 167 167 168 177 178 178 180 180 182 183 
59                                                                                                                                                                                                                                             218 217 117 117 117 117 117 117 117 117 117 117 117 117 117 117 117 117 117 117 117 116 116 117 117 117 117 117 117 117 116 116 117 117 117 117 117 117 116 116 117 117 117 117 117 117 117 117 117 119 131 131 131 131 131 131 131 136 136 138 140 141 143 144 145 145 146 147 149 149 149 150 151 165 165 165 167 167 168 177 178 178 180 180 182 183 
60                                                                                                                                                                                                                                                 220 116 116 116 116 116 116 116 116 116 116 116 116 116 116 116 116 116 116 116 115 115 116 116 116 116 116 116 116 115 115 116 116 116 116 116 116 115 115 116 116 116 116 116 116 116 116 116 118 130 130 130 130 130 130 130 135 135 137 139 140 142 143 144 144 145 146 148 148 148 149 150 164 164 164 166 166 167 176 177 177 179 179 181 182 
61                                                                                                                                                                                                                                                     176 176 176 176 176 176 176 176 176 176 176 176 176 176 176 176 176 176 176 175 175 176 176 176 176 176 176 176 175 175 176 176 176 176 176 176 175 175 176 176 176 176 176 176 176 176 176 174 174 174 174 174 174 174 174 173 173 171 171 171 171 170 169 169 168 167 166 166 166 165 164 151 151 151 149 149 149 142 142 142 142 142 142 141 
62                                                                                                                                                                                                                                                         176 176 176 176 176 176 176 176 176 176 176 176 176 176 176 176 176 176 175 175 176 176 176 176 176 176 176 175 175 176 176 176 176 176 176 175 175 176 176 176 176 176 176 176 176 176 174 174 174 174 174 174 174 174 173 173 171 171 171 171 170 169 169 168 167 166 166 166 165 164 151 151 151 149 149 149 142 142 142 142 142 142 141 
63                                                                                                                                                                                                                                                             176 176 176 176 176 176 176 176 176 176 176 176 176 176 176 176 176 175 175 176 176 176 176 176 176 176 175 175 176 176 176 176 176 176 175 175 176 176 176 176 176 176 176 176 176 174 174 174 174 174 174 174 174 173 173 171 171 171 171 170 169 169 168 167 166 166 166 165 164 151 151 151 149 149 149 142 142 142 142 142 142 141 
64                                                                                                                                                                                                                                                                 176 176 176 176 176 176 176 176 176 176 176 176 176 176 176 176 175 175 176 176 176 176 176 176 176 175 175 176 176 176 176 176 176 175 175 176 176 176 176 176 176 176 176 176 174 174 174 174 174 174 174 174 173 173 171 171 171 171 170 169 169 168 167 166 166 166 165 164 151 151 151 149 149 149 142 142 142 142 142 142 141 
65                                                                                                                                                                                                                                                                     176 176 176 176 176 176 176 176 176 176 176 176 176 176 176 175 175 176 176 176 176 176 176 176 175 175 176 176 176 176 176 176 175 175 176 176 176 176 176 176 176 176 176 174 174 174 174 174 174 174 174 173 173 171 171 171 171 170 169 169 168 167 166 166 166 165 164 151 151 151 149 149 149 142 142 142 142 142 142 141 
66                                                                                                                                                                                                                                                                         176 176 176 176 176 176 176 176 176 176 176 176 176 176 175 175 176 176 176 176 176 176 176 175 175 176 176 176 176 176 176 175 175 176 176 176 176 176 176 176 176 176 174 174 174 174 174 174 174 174 173 173 171 171 171 171 170 169 169 168 167 166 166 166 165 164 151 151 151 149 149 149 142 142 142 142 142 142 141 
67                                                                                                                                                                                                                                                                             176 176 176 176 176 176 176 176 176 176 176 176 176 175 175 176 176 176 176 176 176 176 175 175 176 176 176 176 176 176 175 175 176 176 176 176 176 176 176 176 176 174 174 174 174 174 174 174 174 173 173 171 171 171 171 170 169 169 168 167 166 166 166 165 164 151 151 151 149 149 149 142 142 142 142 142 142 141 
68                                                                                                                                                                                                                                                                                 176 176 176 176 176 176 176 176 176 176 176 176 175 175 176 176 176 176 176 176 176 175 175 176 176 176 176 176 176 175 175 176 176 176 176 176 176 176 176 176 174 174 174 174 174 174 174 174 173 173 171 171 171 171 170 169 169 168 167 166 166 166 165 164 151 151 151 149 149 149 142 142 142 142 142 142 141 
69                                                                                                                                                                                                                                                                                     176 176 176 176 176 176 176 176 176 176 176 175 175 176 176 176 176 176 176 176 175 175 176 176 176 176 176 176 175 175 176 176 176 176 176 176 176 176 176 174 174 174 174 174 174 174 174 173 173 171 171 171 171 170 169 169 168 167 166 166 166 165 164 151 151 151 149 149 149 142 142 142 142 142 142 141 
70                                                                                                                                                                                                                                                                                         176 176 176 176 176 176 176 176 176 176 175 175 176 176 176 176 176 176 176 175 175 176 176 176 176 176 176 175 175 176 176 176 176 176 176 176 176 176 174 174 174 174 174 174 174 174 173 173 171 171 171 171 170 169 169 168 167 166 166 166 165 164 151 151 151 149 149 149 142 142 142 142 142 142 141 
71                                                                                                                                                                                                                                                                                             176 176 176 176 176 176 176 176 176 175 175 176 176 176 176 176 176 176 175 175 176 176 176 176 176 176 175 175 176 176 176 176 176 176 176 176 176 174 174 174 174 174 174 174 174 173 173 171 171 171 171 170 169 169 168 167 166 166 166 165 164 151 151 151 149 149 149 142 142 142 142 142 142 141 
72                                                                                                                                                                                                                                                                                                 176 176 176 176 176 176 176 176 175 175 176 176 176 176 176 176 176 175 175 176 176 176 176 176 176 175 175 176 176 176 176 176 176 176 176 176 174 174 174 174 174 174 174 174 173 173 171 171 171 171 170 169 169 168 167 166 166 166 165 164 151 151 151 149 149 149 142 142 142 142 142 142 141 
73                                                                                                                                                                                                                                                                                                     176 176 176 176 176 176 176 175 175 176 176 176 176 176 176 176 175 175 176 176 176 176 176 176 175 175 176 176 176 176 176 176 176 176 176 174 174 174 174 174 174 174 174 173 173 171 171 171 171 170 169 169 168 167 166 166 166 165 164 151 151 151 149 149 149 142 142 142 142 142 142 141 
74                                                                                                                                                                                                                                                                                                         176 176 176 176 176 176 175 175 176 176 176 176 176 176 176 175 175 176 176 176 176 176 176 175 175 176 176 176 176 176 176 176 176 176 174 174 174 174 174 174 174 174 173 173 171 171 171 171 170 169 169 168 167 166 166 166 165 164 151 151 151 149 149 149 142 142 142 142 142 142 141 
75                                                                                                                                                                                                                                                                                                             176 176 176 176 176 175 175 176 176 176 176 176 176 176 175 175 176 176 176 176 176 176 175 175 176 176 176 176 176 176 176 176 176 174 174 174 174 174 174 174 174 173 173 171 171 171 171 170 169 169 168 167 166 166 166 165 164 151 151 151 149 149 149 142 142 142 142 142 142 141 
76                                                                                                                                                                                                                                                                                                                 176 176 176 176 175 175 176 176 176 176 176 176 176 175 175 176 176 176 176 176 176 175 175 176 176 176 176 176 176 176 176 176 174 174 174 174 174 174 174 174 173 173 171 171 171 171 170 169 169 168 167 166 166 166 165 164 151 151 151 149 149 149 142 142 142 142 142 142 141 
77                                                                                                                                                                                                                                                                                                                     176 176 176 175 175 176 176 176 176 176 176 176 175 175 176 176 176 176 176 176 175 175 176 176 176 176 176 176 176 176 176 174 174 174 174 174 174 174 174 173 173 171 171 171 171 170 169 169 168 167 166 166 166 165 164 151 151 151 149 149 149 142 142 142 142 142 142 141 
78                                                                                                                                                                                                                                                                                                                         176 176 175 175 176 176 176 176 176 176 176 175 175 176 176 176 176 176 176 175 175 176 176 176 176 176 176 176 176 176 174 174 174 174 174 174 174 174 173 173 171 171 171 171 170 169 169 168 167 166 166 166 165 164 151 151 151 149 149 149 142 142 142 142 142 142 141 
79                                                                                                                                                                                                                                                                                                                             176 175 175 176 176 176 176 176 176 176 175 175 176 176 176 176 176 176 175 175 176 176 176 176 176 176 176 176 176 174 174 174 174 174 174 174 174 173 173 171 171 171 171 170 169 169 168 167 166 166 166 165 164 151 151 151 149 149 149 142 142 142 142 142 142 141 
80                                                                                                                                                                                                                                                                                                                                 176 176 175 175 175 175 175 175 175 176 176 175 175 175 175 175 175 176 176 175 175 175 175 175 175 175 175 175 173 173 173 173 173 173 173 173 172 172 170 170 170 170 169 168 168 167 166 165 165 165 164 163 150 150 150 148 148 148 141 141 141 141 141 141 140 
81                                                                                                                                                                                                                                                                                                                                     176 175 175 175 175 175 175 175 176 176 175 175 175 175 175 175 176 176 175 175 175 175 175 175 175 175 175 173 173 173 173 173 173 173 173 172 172 170 170 170 170 169 168 168 167 166 165 165 165 164 163 150 150 150 148 148 148 141 141 141 141 141 141 140 
82                                                                                                                                                                                                                                                                                                                                         176 176 176 176 176 176 176 175 175 176 176 176 176 176 176 175 175 176 176 176 176 176 176 176 176 176 174 174 174 174 174 174 174 174 173 173 171 171 171 171 170 169 169 168 167 166 166 166 165 164 151 151 151 149 149 149 142 142 142 142 142 142 141 
83                                                                                                                                                                                                                                                                                                                                             176 176 176 176 176 176 175 175 176 176 176 176 176 176 175 175 176 176 176 176 176 176 176 176 176 174 174 174 174 174 174 174 174 173 173 171 171 171 171 170 169 169 168 167 166 166 166 165 164 151 151 151 149 149 149 142 142 142 142 142 142 141 
84                                                                                                                                                                                                                                                                                                                                                 176 176 176 176 176 175 175 176 176 176 176 176 176 175 175 176 176 176 176 176 176 176 176 176 174 174 174 174 174 174 174 174 173 173 171 171 171 171 170 169 169 168 167 166 166 166 165 164 151 151 151 149 149 149 142 142 142 142 142 142 141 
85                                                                                                                                                                                                                                                                                                                                                     176 176 176 176 175 175 176 176 176 176 176 176 175 175 176 176 176 176 176 176 176 176 176 174 174 174 174 174 174 174 174 173 173 171 171 171 171 170 169 169 168 167 166 166 166 165 164 151 151 151 149 149 149 142 142 142 142 142 142 141 
86                                                                                                                                                                                                                                                                                                                                                         176 176 176 175 175 176 176 176 176 176 176 175 175 176 176 176 176 176 176 176 176 176 174 174 174 174 174 174 174 174 173 173 171 171 171 171 170 169 169 168 167 166 166 166 165 164 151 151 151 149 149 149 142 142 142 142 142 142 141 
87                                                                                                                                                                                                                                                                                                                                                             176 176 175 175 176 176 176 176 176 176 175 175 176 176 176 176 176 176 176 176 176 174 174 174 174 174 174 174 174 173 173 171 171 171 171 170 169 169 168 167 166 166 166 165 164 151 151 151 149 149 149 142 142 142 142 142 142 141 
88                                                                                                                                                                                                                                                                                                                                                                 176 175 175 176 176 176 176 176 176 175 175 176 176 176 176 176 176 176 176 176 174 174 174 174 174 174 174 174 173 173 171 171 171 171 170 169 169 168 167 166 166 166 165 164 151 151 151 149 149 149 142 142 142 142 142 142 141 
89                                                                                                                                                                                                                                                                                                                                                                     176 176 175 175 175 175 175 175 176 176 175 175 175 175 175 175 175 175 175 173 173 173 173 173 173 173 173 172 172 170 170 170 170 169 168 168 167 166 165 165 165 164 163 150 150 150 148 148 148 141 141 141 141 141 141 140 
90                                                                                                                                                                                                                                                                                                                                                                         176 175 175 175 175 175 175 176 176 175 175 175 175 175 175 175 175 175 173 173 173 173 173 173 173 173 172 172 170 170 170 170 169 168 168 167 166 165 165 165 164 163 150 150 150 148 148 148 141 141 141 141 141 141 140 
91                                                                                                                                                                                                                                                                                                                                                                             176 176 176 176 176 176 175 175 176 176 176 176 176 176 176 176 176 174 174 174 174 174 174 174 174 173 173 171 171 171 171 170 169 169 168 167 166 166 166 165 164 151 151 151 149 149 149 142 142 142 142 142 142 141 
92                                                                                                                                                                                                                                                                                                                                                                                 176 176 176 176 176 175 175 176 176 176 176 176 176 176 176 176 174 174 174 174 174 174 174 174 173 173 171 171 171 171 170 169 169 168 167 166 166 166 165 164 151 151 151 149 149 149 142 142 142 142 142 142 141 
93                                                                                                                                                                                                                                                                                                                                                                                     176 176 176 176 175 175 176 176 176 176 176 176 176 176 176 174 174 174 174 174 174 174 174 173 173 171 171 171 171 170 169 169 168 167 166 166 166 165 164 151 151 151 149 149 149 142 142 142 142 142 142 141 
94                                                                                                                                                                                                                                                                                                                                                                                         176 176 176 175 175 176 176 176 176 176 176 176 176 176 174 174 174 174 174 174 174 174 173 173 171 171 171 171 170 169 169 168 167 166 166 166 165 164 151 151 151 149 149 149 142 142 142 142 142 142 141 
95                                                                                                                                                                                                                                                                                                                                                                                             176 176 175 175 176 176 176 176 176 176 176 176 176 174 174 174 174 174 174 174 174 173 173 171 171 171 171 170 169 169 168 167 166 166 166 165 164 151 151 151 149 149 149 142 142 142 142 142 142 141 
96                                                                                                                                                                                                                                                                                                                                                                                                 176 175 175 176 176 176 176 176 176 176 176 176 174 174 174 174 174 174 174 174 173 173 171 171 171 171 170 169 169 168 167 166 166 166 165 164 151 151 151 149 149 149 142 142 142 142 142 142 141 
97                                                                                                                                                                                                                                                                                                                                                                                                     176 176 175 175 175 175 175 175 175 175 175 173 173 173 173 173 173 173 173 172 172 170 170 170 170 169 168 168 167 166 165 165 165 164 163 150 150 150 148 148 148 141 141 141 141 141 141 140 
98                                                                                                                                                                                                                                                                                                                                                                                                         176 175 175 175 175 175 175 175 175 175 173 173 173 173 173 173 173 173 172 172 170 170 170 170 169 168 168 167 166 165 165 165 164 163 150 150 150 148 148 148 141 141 141 141 141 141 140 
99                                                                                                                                                                                                                                                                                                                                                                                                             176 176 176 176 176 176 176 176 176 174 174 174 174 174 174 174 174 173 173 171 171 171 171 170 169 169 168 167 166 166 166 165 164 151 151 151 149 149 149 142 142 142 142 142 142 141 
100                                                                                                                                                                                                                                                                                                                                                                                                                 176 176 176 176 176 176 176 176 174 174 174 174 174 174 174 174 173 173 171 171 171 171 170 169 169 168 167 166 166 166 165 164 151 151 151 149 149 149 142 142 142 142 142 142 141 
101                                                                                                                                                                                                                                                                                                                                                                                                                     176 176 176 176 176 176 176 174 174 174 174 174 174 174 174 173 173 171 171 171 171 170 169 169 168 167 166 166 166 165 164 151 151 151 149 149 149 142 142 142 142 142 142 141 
102                                                                                                                                                                                                                                                                                                                                                                                                                         176 176 176 176 176 176 174 174 174 174 174 174 174 174 173 173 171 171 171 171 170 169 169 168 167 166 166 166 165 164 151 151 151 149 149 149 142 142 142 142 142 142 141 
103                                                                                                                                                                                                                                                                                                                                                                                                                             176 176 176 176 176 174 174 174 174 174 174 174 174 173 173 171 171 171 171 170 169 169 168 167 166 166 166 165 164 151 151 151 149 149 149 142 142 142 142 142 142 141 
104                                                                                                                                                                                                                                                                                                                                                                                                                                 176 176 176 176 174 174 174 174 174 174 174 174 173 173 171 171 171 171 170 169 169 168 167 166 166 166 165 164 151 151 151 149 149 149 142 142 142 142 142 142 141 
105                                                                                                                                                                                                                                                                                                                                                                                                                                     176 176 176 174 174 174 174 174 174 174 174 173 173 171 171 171 171 170 169 169 168 167 166 166 166 165 164 151 151 151 149 149 149 142 142 142 142 142 142 141 
106                                                                                                                                                                                                                                                                                                                                                                                                                                         176 176 174 174 174 174 174 174 174 174 173 173 171 171 171 171 170 169 169 168 167 166 166 166 165 164 151 151 151 149 149 149 142 142 142 142 142 142 141 
107                                                                                                                                                                                                                                                                                                                                                                                                                                             176 174 174 174 174 174 174 174 174 173 173 171 171 171 171 170 169 169 168 167 166 166 166 165 164 151 151 151 149 149 149 142 142 142 142 142 142 141 
108                                                                                                                                                                                                                                                                                                                                                                                                                                                 176 176 176 176 176 176 176 176 175 175 173 173 173 173 172 171 171 170 169 168 168 168 167 166 153 153 153 151 151 151 144 144 144 144 144 144 143 
109                                                                                                                                                                                                                                                                                                                                                                                                                                                     188 188 188 188 188 188 188 187 187 185 185 185 185 184 183 183 182 181 180 180 180 179 178 165 165 165 163 163 163 156 156 156 156 156 156 155 
110                                                                                                                                                                                                                                                                                                                                                                                                                                                         188 188 188 188 188 188 187 187 185 185 185 185 184 183 183 182 181 180 180 180 179 178 165 165 165 163 163 163 156 156 156 156 156 156 155 
111                                                                                                                                                                                                                                                                                                                                                                                                                                                             188 188 188 188 188 187 187 185 185 185 185 184 183 183 182 181 180 180 180 179 178 165 165 165 163 163 163 156 156 156 156 156 156 155 
112                                                                                                                                                                                                                                                                                                                                                                                                                                                                 188 188 188 188 187 187 185 185 185 185 184 183 183 182 181 180 180 180 179 178 165 165 165 163 163 163 156 156 156 156 156 156 155 
113                                                                                                                                                                                                                                                                                                                                                                                                                                                                     188 188 188 187 187 185 185 185 185 184 183 183 182 181 180 180 180 179 178 165 165 165 163 163 163 156 156 156 156 156 156 155 
114                                                                                                                                                                                                                                                                                                                                                                                                                                                                         188 188 187 187 185 185 185 185 184 183 183 182 181 180 180 180 179 178 165 165 165 163 163 163 156 156 156 156 156 156 155 
115                                                                                                                                                                                                                                                                                                                                                                                                                                                                             188 187 187 185 185 185 185 184 183 183 182 181 180 180 180 179 178 165 165 165 163 163 163 156 156 156 156 156 156 155 
116                                                                                                                                                                                                                                                                                                                                                                                                                                                                                 192 192 190 190 190 190 189 188 188 187 186 185 185 185 184 183 170 170 170 168 168 168 161 161 161 161 161 161 160 
117                                                                                                                                                                                                                                                                                                                                                                                                                                                                                     192 190 190 190 190 189 188 188 187 186 185 185 185 184 183 170 170 170 168 168 168 161 161 161 161 161 161 160 
118                                                                                                                                                                                                                                                                                                                                                                                                                                                                                         192 192 192 192 191 190 190 189 188 187 187 187 186 185 172 172 172 170 170 170 163 163 163 163 163 163 162 
119                                                                                                                                                                                                                                                                                                                                                                                                                                                                                             194 194 194 193 192 192 191 190 189 189 189 188 187 174 174 174 172 172 172 165 165 165 165 165 165 164 
120                                                                                                                                                                                                                                                                                                                                                                                                                                                                                                 195 195 194 193 193 192 191 190 190 190 189 188 175 175 175 173 173 173 166 166 166 166 166 166 165 
121                                                                                                                                                                                                                                                                                                                                                                                                                                                                                                     197 196 195 195 194 193 192 192 192 191 190 177 177 177 175 175 175 168 168 168 168 168 168 167 
122                                                                                                                                                                                                                                                                                                                                                                                                                                                                                                         197 196 196 195 194 193 193 193 192 191 178 178 178 176 176 176 169 169 169 169 169 169 168 
123                                                                                                                                                                                                                                                                                                                                                                                                                                                                                                             197 197 196 195 194 194 194 193 192 179 179 179 177 177 177 170 170 170 170 170 170 169 
124                                                                                                                                                                                                                                                                                                                                                                                                                                                                                                                 197 196 195 194 194 194 193 192 179 179 179 177 177 177 170 170 170 170 170 170 169 
125                                                                                                                                                                                                                                                                                                                                                                                                                                                                                                                     197 196 195 195 195 194 193 180 180 180 178 178 178 171 171 171 171 171 171 170 
126                                                                                                                                                                                                                                                                                                                                                                                                                                                                                                                         197 196 196 196 195 194 181 181 181 179 179 179 172 172 172 172 172 172 171 
127                                                                                                                                                                                                                                                                                                                                                                                                                                                                                                                             198 198 198 197 196 183 183 183 181 181 181 174 174 174 174 174 174 173 
128                                                                                                                                                                                                                                                                                                                                                                                                                                                                                                                                 198 198 197 196 183 183 183 181 181 181 174 174 174 174 174 174 173 
129                                                                                                                                                                                                                                                                                                                                                                                                                                                                                                                                     198 197 196 183 183 183 181 181 181 174 174 174 174 174 174 173 
130                                                                                                                                                                                                                                                                                                                                                                                                                                                                                                                                         198 197 184 184 184 182 182 182 175 175 175 175 175 175 174 
131                                                                                                                                                                                                                                                                                                                                                                                                                                                                                                                                             198 185 185 185 183 183 183 176 176 176 176 176 176 175 
132                                                                                                                                                                                                                                                                                                                                                                                                                                                                                                                                                 200 200 200 198 198 198 191 191 191 191 191 191 190 
133                                                                                                                                                                                                                                                                                                                                                                                                                                                                                                                                                     200 200 198 198 198 191 191 191 191 191 191 190 
134                                                                                                                                                                                                                                                                                                                                                                                                                                                                                                                                                         200 198 198 198 191 191 191 191 191 191 190 
135                                                                                                                                                                                                                                                                                                                                                                                                                                                                                                                                                             200 200 200 193 193 193 193 193 193 192 
136                                                                                                                                                                                                                                                                                                                                                                                                                                                                                                                                                                 200 200 193 193 193 193 193 193 192 
137                                                                                                                                                                                                                                                                                                                                                                                                                                                                                                                                                                     201 194 194 194 194 194 194 193 
138                                                                                                                                                                                                                                                                                                                                                                                                                                                                                                                                                                         203 203 203 203 203 203 202 
139                                                                                                                                                                                                                                                                                                                                                                                                                                                                                                                                                                             204 204 204 204 204 203 
140                                                                                                                                                                                                                                                                                                                                                                                                                                                                                                                                                                                 204 204 204 204 203 
141                                                                                                                                                                                                                                                                                                                                                                                                                                                                                                                                                                                     206 206 206 205 
142                                                                                                                                                                                                                                                                                                                                                                                                                                                                                                                                                                                         206 206 205 
143                                                                                                                                                                                                                                                                                                                                                                                                                                                                                                                                                                                             208 207 
144                                                                                                                                                                                                                                                                                                                                                                                                                                                                                                                                                                                                 208 
145                                                                                                                                                                                                                                                                                                                                                                                                                                                                                                                                                                                                     
