   01  02  03  04  05  06  07  08  09  10  11  12  13  14  15  16  17  18  19  20  21  22  23  24  25  26  27  28  29  30  31  32  33  34  35  36  37  38  39  40  41  42  43  44  
01     146 141 140 129 129 129 129 129 129 129 129 129 129 129 129 129 129 129 129 129 128 128 128 128 128 128 128 128 128 128 128 128 128 128 128 128 128 128 128 128 128 128 128 
02         146 145 133 133 133 133 133 133 133 133 133 133 133 133 133 133 133 133 133 132 132 132 132 132 132 132 132 132 132 132 132 132 132 132 132 132 132 132 132 132 132 132 
03             147 135 135 135 135 135 135 135 135 135 135 135 135 135 135 135 135 135 134 134 134 134 134 134 134 134 134 134 134 134 134 134 134 134 134 134 134 134 134 134 134 
04                 159 159 159 159 159 159 159 159 159 159 159 159 159 159 159 159 159 158 158 158 158 158 158 158 158 158 158 158 158 158 158 158 158 158 158 158 158 158 158 158 
05                     159 159 159 159 159 159 159 159 159 159 159 159 159 159 159 159 158 158 158 158 158 158 158 158 158 158 158 158 158 158 158 158 158 158 158 158 158 158 158 
06                         159 159 159 159 159 159 159 159 159 159 159 159 159 159 159 158 158 158 158 158 158 158 158 158 158 158 158 158 158 158 158 158 158 158 158 158 158 158 
07                             159 159 159 159 159 159 159 159 159 159 159 159 159 159 158 158 158 158 158 158 158 158 158 158 158 158 158 158 158 158 158 158 158 158 158 158 158 
08                                 159 159 159 159 159 159 159 159 159 159 159 159 159 158 158 158 158 158 158 158 158 158 158 158 158 158 158 158 158 158 158 158 158 158 158 158 
09                                     159 159 159 159 159 159 159 159 159 159 159 159 158 158 158 158 158 158 158 158 158 158 158 158 158 158 158 158 158 158 158 158 158 158 158 
10                                         159 159 159 159 159 159 159 159 159 159 159 158 158 158 158 158 158 158 158 158 158 158 158 158 158 158 158 158 158 158 158 158 158 158 
11                                             159 159 159 159 159 159 159 159 159 159 158 158 158 158 158 158 158 158 158 158 158 158 158 158 158 158 158 158 158 158 158 158 158 
12                                                 159 159 159 159 159 159 159 159 159 158 158 158 158 158 158 158 158 158 158 158 158 158 158 158 158 158 158 158 158 158 158 158 
13                                                     159 159 159 159 159 159 159 159 158 158 158 158 158 158 158 158 158 158 158 158 158 158 158 158 158 158 158 158 158 158 158 
14                                                         159 159 159 159 159 159 159 158 158 158 158 158 158 158 158 158 158 158 158 158 158 158 158 158 158 158 158 158 158 158 
15                                                             159 159 159 159 159 159 158 158 158 158 158 158 158 158 158 158 158 158 158 158 158 158 158 158 158 158 158 158 158 
16                                                                 159 159 159 159 159 158 158 158 158 158 158 158 158 158 158 158 158 158 158 158 158 158 158 158 158 158 158 158 
17                                                                     159 159 159 159 158 158 158 158 158 158 158 158 158 158 158 158 158 158 158 158 158 158 158 158 158 158 158 
18                                                                         159 159 159 158 158 158 158 158 158 158 158 158 158 158 158 158 158 158 158 158 158 158 158 158 158 158 
19                                                                             159 159 158 158 158 158 158 158 158 158 158 158 158 158 158 158 158 158 158 158 158 158 158 158 158 
20                                                                                 159 158 158 158 158 158 158 158 158 158 158 158 158 158 158 158 158 158 158 158 158 158 158 158 
21                                                                                     178 178 178 178 178 178 178 178 178 178 178 178 178 178 178 178 178 178 178 178 178 178 178 
22                                                                                         186 186 186 186 186 186 186 186 186 186 186 186 186 186 186 186 186 186 186 186 186 186 
23                                                                                             186 186 186 186 186 186 186 186 186 186 186 186 186 186 186 186 186 186 186 186 186 
24                                                                                                 186 186 186 186 186 186 186 186 186 186 186 186 186 186 186 186 186 186 186 186 
25                                                                                                     186 186 186 186 186 186 186 186 186 186 186 186 186 186 186 186 186 186 186 
26                                                                                                         186 186 186 186 186 186 186 186 186 186 186 186 186 186 186 186 186 186 
27                                                                                                             186 186 186 186 186 186 186 186 186 186 186 186 186 186 186 186 186 
28                                                                                                                 186 186 186 186 186 186 186 186 186 186 186 186 186 186 186 186 
29                                                                                                                     186 186 186 186 186 186 186 186 186 186 186 186 186 186 186 
30                                                                                                                         186 186 186 186 186 186 186 186 186 186 186 186 186 186 
31                                                                                                                             186 186 186 186 186 186 186 186 186 186 186 186 186 
32                                                                                                                                 186 186 186 186 186 186 186 186 186 186 186 186 
33                                                                                                                                     186 186 186 186 186 186 186 186 186 186 186 
34                                                                                                                                         186 186 186 186 186 186 186 186 186 186 
35                                                                                                                                             186 186 186 186 186 186 186 186 186 
36                                                                                                                                                 186 186 186 186 186 186 186 186 
37                                                                                                                                                     186 186 186 186 186 186 186 
38                                                                                                                                                         186 186 186 186 186 186 
39                                                                                                                                                             186 186 186 186 186 
40                                                                                                                                                                 186 186 186 186 
41                                                                                                                                                                     186 186 186 
42                                                                                                                                                                         186 186 
43                                                                                                                                                                             186 
44                                                                                                                                                                                 
