   01  02  03  04  05  06  07  08  09  10  11  12  13  14  
01     249 209 210 210 210 210 177 187 185 183 183 182 182 
02         249 248 248 248 248 215 223 221 221 221 220 220 
03             249 249 249 249 216 224 222 222 222 221 221 
04                 249 249 249 216 224 222 222 222 221 221 
05                     249 249 216 224 222 222 222 221 221 
06                         249 216 224 222 222 222 221 221 
07                             251 232 234 244 244 245 245 
08                                 251 249 239 239 238 238 
09                                     251 241 241 240 240 
10                                         251 251 250 250 
11                                             251 250 250 
12                                                 251 251 
13                                                     251 
14                                                         
