   01  02  03  04  05  06  07  08  09  10  11  12  13  
01     133 133 133 133 133 133 133 133 133 133 133 133 
02         133 133 133 133 133 133 133 133 133 133 133 
03             137 137 137 137 137 137 137 137 137 137 
04                 154 154 154 154 154 154 154 154 154 
05                     154 154 154 154 154 154 154 154 
06                         154 154 154 154 154 154 154 
07                             154 154 154 154 154 154 
08                                 155 155 155 155 155 
09                                     156 156 156 156 
10                                         157 157 157 
11                                             158 158 
12                                                 171 
13                                                     
