   01  02  03  04  05  06  07  08  09  10  11  12  
01     015 015 015 014 014 014 014 014 014 014 014 
02         015 015 014 014 014 014 014 014 014 014 
03             015 014 014 014 014 014 014 014 014 
04                 017 017 017 015 015 015 015 015 
05                     017 017 015 015 015 015 015 
06                         017 015 015 015 015 015 
07                             017 017 017 016 016 
08                                 017 017 016 016 
09                                     017 016 016 
10                                         017 017 
11                                             017 
12                                                 
